0.0000000e+00   2.0000000e+01   0.0000000e+00   1.6025296e+00   2.5004196e-02
1.2691173e+00   1.9959734e+01   1.2684784e+00   1.6342628e+00   3.7506294e-02
2.5382347e+00   1.9839096e+01   2.5318491e+00   1.6977294e+00   5.0008393e-02
3.8073520e+00   1.9638574e+01   3.7850249e+00   1.7611959e+00   5.0008393e-02
5.0764694e+00   1.9358974e+01   5.0229597e+00   1.8246624e+00   5.0008393e-02
6.3455867e+00   1.9001422e+01   6.2406689e+00   1.8881289e+00   5.0008393e-02
7.6147040e+00   1.8567359e+01   7.4332491e+00   1.9515954e+00   5.0008393e-02
8.8838214e+00   1.8058531e+01   8.5958982e+00   2.0150620e+00   5.0008393e-02
1.0152939e+01   1.7476988e+01   9.7239347e+00   2.0785285e+00   5.0008393e-02
1.1422056e+01   1.6825071e+01   1.0812816e+01   2.1419950e+00   5.0008393e-02
1.2691173e+01   1.6105405e+01   1.1858159e+01   2.2054615e+00   5.0008393e-02
1.3960291e+01   1.5320889e+01   1.2855752e+01   2.2689280e+00   5.0008393e-02
1.5229408e+01   1.4474681e+01   1.3801580e+01   2.3323945e+00   5.0008393e-02
1.6498525e+01   1.3570188e+01   1.4691834e+01   2.3958611e+00   5.0008393e-02
1.7767643e+01   1.2611053e+01   1.5522929e+01   2.4593276e+00   5.0008393e-02
1.9036760e+01   1.1601138e+01   1.6291519e+01   2.5227941e+00   5.0008393e-02
2.0305877e+01   1.0544509e+01   1.6994509e+01   2.5862606e+00   5.0008393e-02
2.1574995e+01   9.4454215e+00   1.7629067e+01   2.6497271e+00   5.0008393e-02
2.2844112e+01   8.3083003e+00   1.8192640e+01   2.7131937e+00   5.0008393e-02
2.4113229e+01   7.1377244e+00   1.8682957e+01   2.7766602e+00   5.0008393e-02
2.5382347e+01   5.9384075e+00   1.9098045e+01   2.8401267e+00   5.0008393e-02
2.6651464e+01   4.7151787e+00   1.9436231e+01   2.9035932e+00   5.0008393e-02
2.7920581e+01   3.4729636e+00   1.9696155e+01   2.9670597e+00   5.0008393e-02
2.9189699e+01   2.2167640e+00   1.9876769e+01   3.0305262e+00   5.0008393e-02
3.0458816e+01   9.5163832e-01   1.9977347e+01   3.0939928e+00   -2.4254070e+00
3.1727933e+01   -3.1731928e-01   1.9997483e+01   -3.1257260e+00   -2.4254070e+00
3.2997051e+01   -1.5849991e+00   1.9937096e+01   -3.0622595e+00   5.0008393e-02
3.4266168e+01   -2.8462968e+00   1.9796429e+01   -2.9987930e+00   5.0008393e-02
3.5535286e+01   -4.0961334e+00   1.9576049e+01   -2.9353265e+00   5.0008393e-02
3.6804403e+01   -5.3294763e+00   1.9276843e+01   -2.8718600e+00   5.0008393e-02
3.8073520e+01   -6.5413593e+00   1.8900016e+01   -2.8083934e+00   5.0008393e-02
3.9342638e+01   -7.7269025e+00   1.8447086e+01   -2.7449269e+00   5.0008393e-02
4.0611755e+01   -8.8813323e+00   1.7919875e+01   -2.6814604e+00   5.0008393e-02
4.1880872e+01   -1.0000000e+01   1.7320508e+01   -2.6179939e+00   5.0008393e-02
4.3149990e+01   -1.1078401e+01   1.6651397e+01   -2.5545274e+00   5.0008393e-02
4.4419107e+01   -1.2112194e+01   1.5915237e+01   -2.4910608e+00   5.0008393e-02
4.5688224e+01   -1.3097215e+01   1.5114991e+01   -2.4275943e+00   5.0008393e-02
4.6957342e+01   -1.4029498e+01   1.4253883e+01   -2.3641278e+00   5.0008393e-02
4.8226459e+01   -1.4905289e+01   1.3335380e+01   -2.3006613e+00   5.0008393e-02
4.9495576e+01   -1.5721062e+01   1.2363180e+01   -2.2371948e+00   5.0008393e-02
5.0764694e+01   -1.6473532e+01   1.1341197e+01   -2.1737283e+00   5.0008393e-02
5.2033811e+01   -1.7159668e+01   1.0273548e+01   -2.1102617e+00   5.0008393e-02
5.3302928e+01   -1.7776709e+01   9.1645304e+00   -2.0467952e+00   5.0008393e-02
5.4572046e+01   -1.8322169e+01   8.0186107e+00   -1.9833287e+00   5.0008393e-02
5.5841163e+01   -1.8793852e+01   6.8404029e+00   -1.9198622e+00   5.0008393e-02
5.7110280e+01   -1.9189859e+01   5.6346511e+00   -1.8563957e+00   5.0008393e-02
5.8379398e+01   -1.9508596e+01   4.4062107e+00   -1.7929291e+00   5.0008393e-02
5.9648515e+01   -1.9748778e+01   3.1600279e+00   -1.7294626e+00   5.0008393e-02
6.0917632e+01   -1.9909438e+01   1.9011209e+00   -1.6659961e+00   5.0008393e-02
6.2186750e+01   -1.9989931e+01   6.3455867e-01   -1.6025296e+00   5.0008393e-02
6.3455867e+01   -1.9989931e+01   -6.3455867e-01   -1.5390631e+00   5.0008393e-02
6.4724984e+01   -1.9909438e+01   -1.9011209e+00   -1.4755965e+00   5.0008393e-02
6.5994102e+01   -1.9748778e+01   -3.1600279e+00   -1.4121300e+00   5.0008393e-02
6.7263219e+01   -1.9508596e+01   -4.4062107e+00   -1.3486635e+00   5.0008393e-02
6.8532336e+01   -1.9189859e+01   -5.6346511e+00   -1.2851970e+00   5.0008393e-02
6.9801454e+01   -1.8793852e+01   -6.8404029e+00   -1.2217305e+00   5.0008393e-02
7.1070571e+01   -1.8322169e+01   -8.0186107e+00   -1.1582640e+00   5.0008393e-02
7.2339688e+01   -1.7776709e+01   -9.1645304e+00   -1.0947974e+00   5.0008393e-02
7.3608806e+01   -1.7159668e+01   -1.0273548e+01   -1.0313309e+00   5.0008393e-02
7.4877923e+01   -1.6473532e+01   -1.1341197e+01   -9.6786440e-01   5.0008393e-02
7.6147040e+01   -1.5721062e+01   -1.2363180e+01   -9.0439789e-01   5.0008393e-02
7.7416158e+01   -1.4905289e+01   -1.3335380e+01   -8.4093137e-01   5.0008393e-02
7.8685275e+01   -1.4029498e+01   -1.4253883e+01   -7.7746485e-01   5.0008393e-02
7.9954392e+01   -1.3097215e+01   -1.5114991e+01   -7.1399833e-01   5.0008393e-02
8.1223510e+01   -1.2112194e+01   -1.5915237e+01   -6.5053181e-01   5.0008393e-02
8.2492627e+01   -1.1078401e+01   -1.6651397e+01   -5.8706529e-01   5.0008393e-02
8.3761744e+01   -1.0000000e+01   -1.7320508e+01   -5.2359878e-01   5.0008393e-02
8.5030862e+01   -8.8813323e+00   -1.7919875e+01   -4.6013226e-01   5.0008393e-02
8.6299979e+01   -7.7269025e+00   -1.8447086e+01   -3.9666574e-01   5.0008393e-02
8.7569096e+01   -6.5413593e+00   -1.8900016e+01   -3.3319922e-01   5.0008393e-02
8.8838214e+01   -5.3294763e+00   -1.9276843e+01   -2.6973270e-01   5.0008393e-02
9.0107331e+01   -4.0961334e+00   -1.9576049e+01   -2.0626618e-01   5.0008393e-02
9.1376448e+01   -2.8462968e+00   -1.9796429e+01   -1.4279967e-01   5.0008393e-02
9.2645566e+01   -1.5849991e+00   -1.9937096e+01   -7.9333148e-02   5.0008393e-02
9.3914683e+01   -3.1731928e-01   -1.9997483e+01   -1.5866630e-02   5.0008393e-02
9.5183800e+01   9.5163832e-01   -1.9977347e+01   4.7599889e-02   5.0008393e-02
9.6452918e+01   2.2167640e+00   -1.9876769e+01   1.1106641e-01   5.0008393e-02
9.7722035e+01   3.4729636e+00   -1.9696155e+01   1.7453293e-01   5.0008393e-02
9.8991153e+01   4.7151787e+00   -1.9436231e+01   2.3799944e-01   5.0008393e-02
1.0026027e+02   5.9384075e+00   -1.9098045e+01   3.0146596e-01   5.0008393e-02
1.0152939e+02   7.1377244e+00   -1.8682957e+01   3.6493248e-01   5.0008393e-02
1.0279850e+02   8.3083003e+00   -1.8192640e+01   4.2839900e-01   5.0008393e-02
1.0406762e+02   9.4454215e+00   -1.7629067e+01   4.9186552e-01   5.0008393e-02
1.0533674e+02   1.0544509e+01   -1.6994509e+01   5.5533203e-01   5.0008393e-02
1.0660586e+02   1.1601138e+01   -1.6291519e+01   6.1879855e-01   5.0008393e-02
1.0787497e+02   1.2611053e+01   -1.5522929e+01   6.8226507e-01   5.0008393e-02
1.0914409e+02   1.3570188e+01   -1.4691834e+01   7.4573159e-01   5.0008393e-02
1.1041321e+02   1.4474681e+01   -1.3801580e+01   8.0919811e-01   5.0008393e-02
1.1168233e+02   1.5320889e+01   -1.2855752e+01   8.7266463e-01   5.0008393e-02
1.1295144e+02   1.6105405e+01   -1.1858159e+01   9.3613114e-01   5.0008393e-02
1.1422056e+02   1.6825071e+01   -1.0812816e+01   9.9959766e-01   5.0008393e-02
1.1548968e+02   1.7476988e+01   -9.7239347e+00   1.0630642e+00   5.0008393e-02
1.1675880e+02   1.8058531e+01   -8.5958982e+00   1.1265307e+00   5.0008393e-02
1.1802791e+02   1.8567359e+01   -7.4332491e+00   1.1899972e+00   5.0008393e-02
1.1929703e+02   1.9001422e+01   -6.2406689e+00   1.2534637e+00   5.0008393e-02
1.2056615e+02   1.9358974e+01   -5.0229597e+00   1.3169303e+00   5.0008393e-02
1.2183526e+02   1.9638574e+01   -3.7850249e+00   1.3803968e+00   5.0008393e-02
1.2310438e+02   1.9839096e+01   -2.5318491e+00   1.4438633e+00   5.0008393e-02
1.2437350e+02   1.9959734e+01   -1.2684784e+00   1.5073298e+00   3.7506294e-02
1.2564262e+02   2.0000000e+01   -4.8985872e-15   1.5390631e+00   2.5004196e-02
