0.0000000e+00   0.0000000e+00   0.0000000e+00   1.1063421e+00   -3.4356241e-03
7.0795909e-01   3.1711960e-01   6.3296227e-01   1.1039098e+00   -7.0278413e-03
1.4062489e+00   6.3296227e-01   1.2557399e+00   1.0964592e+00   -1.4813426e-02
2.0854002e+00   9.4625622e-01   1.8583123e+00   1.0835052e+00   -2.4288058e-02
2.7363477e+00   1.2557399e+00   2.4309837e+00   1.0641537e+00   -3.6797134e-02
3.3506424e+00   1.5601672e+00   2.9645396e+00   1.0369479e+00   -5.4512186e-02
3.9206827e+00   1.8583123e+00   3.4503951e+00   9.9959299e-01   -8.1220076e-02
4.4399849e+00   2.1489746e+00   3.8807323e+00   9.4847142e-01   -1.2392459e-01
4.9035318e+00   2.4309837e+00   4.2486271e+00   8.7779382e-01   -1.9614752e-01
5.3082834e+00   2.7032041e+00   4.5481600e+00   7.7815682e-01   -3.2424429e-01
5.6540162e+00   2.9645396e+00   4.7745112e+00   6.3445355e-01   -5.5499619e-01
5.9448049e+00   3.2139380e+00   4.9240388e+00   4.2488983e-01   -9.3767074e-01
6.1914903e+00   3.4503951e+00   4.9943367e+00   1.3047978e-01   -1.3928898e+00
6.4142812e+00   3.6729585e+00   4.9842739e+00   -2.2903895e-01   -1.5704949e+00
6.6408140e+00   3.8807323e+00   4.8940122e+00   -5.7518073e-01   -1.2754316e+00
6.8967131e+00   4.0728798e+00   4.7250041e+00   -8.4434792e-01   -8.2341079e-01
7.1982582e+00   4.2486271e+00   4.4799689e+00   -1.0341863e+00   -4.9189935e-01
7.5528444e+00   4.4072668e+00   4.1628493e+00   -1.1670985e+00   -2.9970372e-01
7.9619712e+00   4.5481600e+00   3.7787479e+00   -1.2630739e+00   -1.9323233e-01
8.4234517e+00   4.6707393e+00   3.3338450e+00   -1.3353279e+00   -1.3293750e-01
8.9326829e+00   4.7745112e+00   2.8352993e+00   -1.3921179e+00   -9.7509143e-02
9.4833784e+00   4.8590578e+00   2.2911326e+00   -1.4386805e+00   -7.6063702e-02
1.0068033e+01   4.9240388e+00   1.7101007e+00   -1.4784768e+00   -6.2975241e-02
1.0678254e+01   4.9691923e+00   1.1015527e+00   -1.5139280e+00   -5.5276307e-02
1.1305031e+01   4.9943367e+00   4.7528022e-01   -1.5468535e+00   -5.1416076e-02
1.1938970e+01   4.9993706e+00   -1.5863967e-01   -1.5787491e+00   -5.0677035e-02
1.2570518e+01   4.9842739e+00   -7.9000698e-01   -1.6109847e+00   -5.2926643e-02
1.3190173e+01   4.9491072e+00   -1.4086628e+00   -1.6449711e+00   -5.8573228e-02
1.3788704e+01   4.8940122e+00   -2.0046527e+00   -1.6823377e+00   -6.8703679e-02
1.4357379e+01   4.8192108e+00   -2.5683870e+00   -1.7251625e+00   -8.5473888e-02
1.4888213e+01   4.7250041e+00   -3.0907949e+00   -1.7763171e+00   -1.1296295e-01
1.5374263e+01   4.6117715e+00   -3.5634709e+00   -1.8400326e+00   -1.5897337e-01
1.5810013e+01   4.4799689e+00   -3.9788092e+00   -1.9228586e+00   -2.3874378e-01
1.6191951e+01   4.3301270e+00   -4.3301270e+00   -2.0352506e+00   -3.8174380e-01
1.6519526e+01   4.1628493e+00   -4.6117715e+00   -2.1937109e+00   -6.3760068e-01
1.6796838e+01   3.9788092e+00   -4.8192108e+00   -2.4209268e+00   -1.0441322e+00
1.7035370e+01   3.7787479e+00   -4.9491072e+00   -2.7323202e+00   -1.4698710e+00
1.7256437e+01   3.5634709e+00   -4.9993706e+00   -3.0964783e+00   1.2338751e+01
1.7488037e+01   3.3338450e+00   -4.9691923e+00   2.8530303e+00   1.1432982e+01
1.7754876e+01   3.0907949e+00   -4.8590578e+00   2.6021684e+00   -7.2654573e-01
1.8072275e+01   2.8352993e+00   -4.6707393e+00   2.4285551e+00   -4.2307276e-01
1.8447321e+01   2.5683870e+00   -4.4072668e+00   2.3092137e+00   -2.5082074e-01
1.8881700e+01   2.2911326e+00   -4.0728798e+00   2.2255345e+00   -1.5509910e-01
1.9373643e+01   2.0046527e+00   -3.6729585e+00   2.1655421e+00   -9.9936505e-02
1.9919042e+01   1.7101007e+00   -3.2139380e+00   2.1218661e+00   -6.6407065e-02
2.0512097e+01   1.4086628e+00   -2.7032041e+00   2.0899407e+00   -4.4818355e-02
2.1145727e+01   1.1015527e+00   -2.1489746e+00   2.0668882e+00   -3.0053618e-02
2.1811876e+01   7.9000698e-01   -1.5601672e+00   2.0508776e+00   -1.9268873e-02
2.2501760e+01   4.7528022e-01   -9.4625622e-01   2.0407589e+00   -1.0774078e-02
2.3206085e+01   1.5863967e-01   -3.1711960e-01   2.0358563e+00   -3.4684495e-03
2.3915258e+01   -1.5863967e-01   3.1711960e-01   2.0358563e+00   3.4684495e-03
2.4619583e+01   -4.7528022e-01   9.4625622e-01   2.0407589e+00   1.0774078e-02
2.5309467e+01   -7.9000698e-01   1.5601672e+00   2.0508776e+00   1.9268873e-02
2.5975616e+01   -1.1015527e+00   2.1489746e+00   2.0668882e+00   3.0053618e-02
2.6609246e+01   -1.4086628e+00   2.7032041e+00   2.0899407e+00   4.4818355e-02
2.7202301e+01   -1.7101007e+00   3.2139380e+00   2.1218661e+00   6.6407065e-02
2.7747700e+01   -2.0046527e+00   3.6729585e+00   2.1655421e+00   9.9936505e-02
2.8239643e+01   -2.2911326e+00   4.0728798e+00   2.2255345e+00   1.5509910e-01
2.8674022e+01   -2.5683870e+00   4.4072668e+00   2.3092137e+00   2.5082074e-01
2.9049068e+01   -2.8352993e+00   4.6707393e+00   2.4285551e+00   4.2307276e-01
2.9366467e+01   -3.0907949e+00   4.8590578e+00   2.6021684e+00   7.2654573e-01
2.9633306e+01   -3.3338450e+00   4.9691923e+00   2.8530303e+00   -1.1432982e+01
2.9864906e+01   -3.5634709e+00   4.9993706e+00   -3.0964783e+00   -1.2338751e+01
3.0085973e+01   -3.7787479e+00   4.9491072e+00   -2.7323202e+00   1.4698710e+00
3.0324505e+01   -3.9788092e+00   4.8192108e+00   -2.4209268e+00   1.0441322e+00
3.0601817e+01   -4.1628493e+00   4.6117715e+00   -2.1937109e+00   6.3760068e-01
3.0929392e+01   -4.3301270e+00   4.3301270e+00   -2.0352506e+00   3.8174380e-01
3.1311331e+01   -4.4799689e+00   3.9788092e+00   -1.9228586e+00   2.3874378e-01
3.1747080e+01   -4.6117715e+00   3.5634709e+00   -1.8400326e+00   1.5897337e-01
3.2233130e+01   -4.7250041e+00   3.0907949e+00   -1.7763171e+00   1.1296295e-01
3.2763964e+01   -4.8192108e+00   2.5683870e+00   -1.7251625e+00   8.5473888e-02
3.3332639e+01   -4.8940122e+00   2.0046527e+00   -1.6823377e+00   6.8703679e-02
3.3931170e+01   -4.9491072e+00   1.4086628e+00   -1.6449711e+00   5.8573228e-02
3.4550825e+01   -4.9842739e+00   7.9000698e-01   -1.6109847e+00   5.2926643e-02
3.5182373e+01   -4.9993706e+00   1.5863967e-01   -1.5787491e+00   5.0677035e-02
3.5816313e+01   -4.9943367e+00   -4.7528022e-01   -1.5468535e+00   5.1416076e-02
3.6443090e+01   -4.9691923e+00   -1.1015527e+00   -1.5139280e+00   5.5276307e-02
3.7053310e+01   -4.9240388e+00   -1.7101007e+00   -1.4784768e+00   6.2975241e-02
3.7637965e+01   -4.8590578e+00   -2.2911326e+00   -1.4386805e+00   7.6063702e-02
3.8188660e+01   -4.7745112e+00   -2.8352993e+00   -1.3921179e+00   9.7509143e-02
3.8697891e+01   -4.6707393e+00   -3.3338450e+00   -1.3353279e+00   1.3293750e-01
3.9159372e+01   -4.5481600e+00   -3.7787479e+00   -1.2630739e+00   1.9323233e-01
3.9568499e+01   -4.4072668e+00   -4.1628493e+00   -1.1670985e+00   2.9970372e-01
3.9923085e+01   -4.2486271e+00   -4.4799689e+00   -1.0341863e+00   4.9189935e-01
4.0224630e+01   -4.0728798e+00   -4.7250041e+00   -8.4434792e-01   8.2341079e-01
4.0480529e+01   -3.8807323e+00   -4.8940122e+00   -5.7518073e-01   1.2754316e+00
4.0707062e+01   -3.6729585e+00   -4.9842739e+00   -2.2903895e-01   1.5704949e+00
4.0929853e+01   -3.4503951e+00   -4.9943367e+00   1.3047978e-01   1.3928898e+00
4.1176538e+01   -3.2139380e+00   -4.9240388e+00   4.2488983e-01   9.3767074e-01
4.1467327e+01   -2.9645396e+00   -4.7745112e+00   6.3445355e-01   5.5499619e-01
4.1813060e+01   -2.7032041e+00   -4.5481600e+00   7.7815682e-01   3.2424429e-01
4.2217811e+01   -2.4309837e+00   -4.2486271e+00   8.7779382e-01   1.9614752e-01
4.2681358e+01   -2.1489746e+00   -3.8807323e+00   9.4847142e-01   1.2392459e-01
4.3200660e+01   -1.8583123e+00   -3.4503951e+00   9.9959299e-01   8.1220076e-02
4.3770701e+01   -1.5601672e+00   -2.9645396e+00   1.0369479e+00   5.4512186e-02
4.4384995e+01   -1.2557399e+00   -2.4309837e+00   1.0641537e+00   3.6797134e-02
4.5035943e+01   -9.4625622e-01   -1.8583123e+00   1.0835052e+00   2.4288058e-02
4.5715094e+01   -6.3296227e-01   -1.2557399e+00   1.0964592e+00   1.4813426e-02
4.6413384e+01   -3.1711960e-01   -6.3296227e-01   1.1039098e+00   7.0278413e-03
4.7121343e+01   -1.2246468e-15   -2.4492936e-15   1.1063421e+00   3.4356241e-03
