0.0000000e+00   0.0000000e+00   -3.3304607e+00   -1.5448830e+00   7.6699487e-01
3.8984372e+00   1.0101010e-01   -7.2275890e+00   1.4451983e+00   3.2966714e-01
9.3964932e+00   2.0202020e-01   -1.7304610e+00   1.5528321e+00   -2.6566004e-01
1.5144713e+01   3.0303030e-01   4.0168711e+00   -1.5424878e+00   -1.6572900e-01
2.8026903e+01   4.0404040e-01   -8.8649234e+00   -1.5347672e+00   1.4725192e-01
3.5304690e+01   5.0505051e-01   -1.5878376e+00   1.4261077e+00   2.3351260e-01
4.1196158e+01   6.0606061e-01   -7.4784398e+00   1.5404198e+00   5.1059955e-03
5.3735654e+01   7.0707071e-01   5.0606488e+00   1.5202161e+00   -1.4404227e-01
6.2284694e+01   8.0808081e-01   -3.4877941e+00   -1.4972207e+00   -2.1430448e-01
6.8093221e+01   9.0909091e-01   2.3198545e+00   -1.5566748e+00   1.1761697e-01
8.8205984e+01   1.0101010e+00   -1.7792655e+01   1.5515628e+00   6.1350134e-02
1.1882093e+02   1.1111111e+00   1.2822125e+01   1.5554771e+00   -6.4527119e-02
1.3624966e+02   1.2121212e+00   -4.6063073e+00   -1.5485570e+00   -6.7565313e-04
1.4459630e+02   1.3131313e+00   3.7397229e+00   1.5380619e+00   5.6402675e-03
1.4677538e+02   1.4141414e+00   1.5629810e+00   -1.4891890e+00   -1.2423911e+00
1.4708557e+02   1.5151515e+00   1.2697038e+00   -1.5545838e+00   2.4351737e-01
1.5925240e+02   1.6161616e+00   -1.0896712e+01   1.5491820e+00   9.2349235e-02
1.8076418e+02   1.7171717e+00   1.0614824e+01   1.5556099e+00   -9.8228124e-02
1.8897470e+02   1.8181818e+00   2.4049228e+00   -1.3703834e+00   -1.9759537e-01
1.9619082e+02   1.9191919e+00   9.6203363e+00   -1.4926234e+00   -1.0511586e-02
2.0598576e+02   2.0202020e+00   -1.7408321e-01   -1.5491966e+00   2.3513803e-01
2.0644010e+02   2.1212121e+00   2.6889110e-01   9.1737336e-01   1.4737239e-01
2.0664573e+02   2.2222222e+00   8.9781753e-02   -1.4519347e+00   -1.0395236e+00
2.0816161e+02   2.3232323e+00   -1.4227221e+00   -8.7216845e-01   1.0739971e+00
2.0943760e+02   2.4242424e+00   -1.5073409e-01   1.5465206e+00   -4.2368021e-02
2.1648659e+02   2.5252525e+00   6.8975380e+00   -1.2248817e+00   -2.1145830e-01
2.2409607e+02   2.6262626e+00   -7.1126977e-01   -1.5531354e+00   2.2321258e-01
2.2792625e+02   2.7272727e+00   -4.5401192e+00   1.3285942e+00   3.6512438e-01
2.3257392e+02   2.8282828e+00   1.0645378e-01   1.5423352e+00   1.5525118e-02
2.3502562e+02   2.9292929e+00   2.5560649e+00   1.4388127e+00   -9.1294460e-01
2.3595896e+02   3.0303030e+00   1.6282013e+00   -1.5480173e+00   9.2223890e-03
2.4389889e+02   3.1313131e+00   -6.3110855e+00   1.5206455e+00   1.5320194e-01
2.5586348e+02   3.2323232e+00   5.6530735e+00   1.5013931e+00   -1.4470717e-01
2.6492206e+02   3.3333333e+00   -3.4049433e+00   -1.5215573e+00   -3.5493304e-04
2.6988158e+02   3.4343434e+00   1.5535461e+00   1.4964176e+00   2.0139013e-02
2.7213124e+02   3.5353535e+00   -6.9385260e-01   -1.3763714e+00   -1.7140156e-02
2.7335687e+02   3.6363636e+00   5.2760664e-01   1.4368505e+00   -9.9524303e-02
2.7365240e+02   3.7373737e+00   8.0533943e-01   -1.5277637e+00   -5.6005084e-01
2.7862285e+02   3.8383838e+00   -4.1640803e+00   -1.5123645e+00   3.7324872e-03
2.8014220e+02   3.9393939e+00   -2.6480904e+00   -1.5035406e+00   4.8906322e-01
2.8465855e+02   4.0404040e+00   -7.1633138e+00   1.4394766e+00   2.8965034e-01
2.9070415e+02   4.1414141e+00   -1.1185590e+00   1.5557324e+00   7.8363079e-03
2.9806990e+02   4.2424242e+00   6.2464951e+00   1.5445721e+00   -3.9944013e-01
2.9842146e+02   4.3434343e+00   6.5832357e+00   -1.5268712e+00   -5.8598287e-01
3.0335548e+02   4.4444444e+00   1.6502550e+00   -1.5526866e+00   2.6739938e-01
3.0957743e+02   4.5454545e+00   -4.5708802e+00   1.4562282e+00   1.5862383e-03
3.1755481e+02   4.6464646e+00   3.4058526e+00   -1.5301631e+00   3.3990860e-03
3.3050099e+02   4.7474747e+00   -9.5399384e+00   1.5273492e+00   1.0116709e-01
3.4809394e+02   4.8484848e+00   8.0527176e+00   1.5593921e+00   -1.6670742e-01
3.4825157e+02   4.9494949e+00   8.1737291e+00   -1.4318033e+00   -1.8041613e+00
3.4981992e+02   5.0505051e+00   6.6086337e+00   -1.5545548e+00   -7.1414856e-03
3.6069271e+02   5.1515152e+00   -4.2636908e+00   -1.5206516e+00   1.5651310e-01
3.6754042e+02   5.2525253e+00   2.5832707e+00   1.2189355e+00   -1.8994250e-03
3.7383793e+02   5.3535354e+00   -3.7134349e+00   -1.5456199e+00   -3.4151980e-01
3.7556668e+02   5.4545455e+00   -5.4392255e+00   -1.5221911e+00   7.4391501e-01
3.7799606e+02   5.5555556e+00   -7.8665110e+00   1.5476757e+00   2.2175374e-01
3.8915991e+02   5.6565657e+00   3.2968746e+00   1.4921582e+00   -1.5634098e-01
3.9776020e+02   5.7575758e+00   -5.3028233e+00   -1.5422684e+00   1.1579362e-03
3.9928368e+02   5.8585859e+00   -3.7826937e+00   1.5038809e+00   1.0179229e+00
4.0078149e+02   5.9595960e+00   -2.2882939e+00   1.5331736e+00   2.8499635e-03
4.0465550e+02   6.0606061e+00   1.5843983e+00   1.5191904e+00   1.3149990e-03
4.0476360e+02   6.1616162e+00   1.6228984e+00   1.5384100e+00   -2.8156403e-02
4.1096157e+02   6.2626263e+00   7.8200457e+00   1.3416341e+00   -2.6708743e-01
4.1629360e+02   6.3636364e+00   2.4889723e+00   -1.5411082e+00   9.1607787e-03
4.1776873e+02   6.4646465e+00   1.0172979e+00   1.4039931e+00   7.3688271e-01
4.2044219e+02   6.5656566e+00   3.6888477e+00   1.5159201e+00   -7.8848720e-01
4.2145338e+02   6.6666667e+00   4.6949817e+00   -1.5013066e+00   -6.2047108e-01
4.2536334e+02   6.7676768e+00   7.8633374e-01   -1.5375078e+00   -7.9565146e-03
4.2752358e+02   6.8686869e+00   -1.3715447e+00   -1.5496042e+00   3.2076189e-01
4.3489775e+02   6.9696970e+00   -8.7450263e+00   1.5207690e+00   1.6511586e-01
4.4630651e+02   7.0707071e+00   2.6632838e+00   1.5517556e+00   -2.5087057e-01
4.4711257e+02   7.1717172e+00   1.8635728e+00   -1.5435704e+00   -4.1672271e-01
4.5373194e+02   7.2727273e+00   -4.7550178e+00   -1.5425882e+00   4.3067724e-01
4.5428257e+02   7.3737374e+00   -5.2963102e+00   1.5443845e+00   3.5306713e-01
4.6247156e+02   7.4747475e+00   2.8920513e+00   1.5430846e+00   -3.3756050e-01
4.6337736e+02   7.5757576e+00   1.9918983e+00   -1.5256564e+00   -6.8847427e-01
4.6695101e+02   7.6767677e+00   -1.5803262e+00   -1.5409049e+00   -2.7831592e-03
4.7013683e+02   7.7777778e+00   -4.7645441e+00   -1.5444690e+00   3.9530163e-01
4.7462539e+02   7.8787879e+00   -9.2519704e+00   1.4927911e+00   2.6729511e-01
4.8169812e+02   7.9797980e+00   -2.1799695e+00   1.5458059e+00   -3.7454039e-01
4.8271339e+02   8.0808081e+00   -1.1697369e+00   -1.5364886e+00   3.5215372e-04
4.8961052e+02   8.1818182e+00   -8.0661279e+00   1.5485923e+00   1.3380507e-01
5.0560410e+02   8.2828283e+00   7.9271350e+00   1.5264047e+00   -1.1303005e-01
5.1704993e+02   8.3838384e+00   -3.5182510e+00   -1.5528860e+00   4.7323377e-04
5.1724517e+02   8.4848485e+00   -3.3511686e+00   1.5319137e+00   5.9008417e-01
5.2227213e+02   8.5858586e+00   1.6747706e+00   1.5286495e+00   -4.1288319e-01
5.2252841e+02   8.6868687e+00   1.4392368e+00   -6.4944466e-01   -7.7634115e+00
5.2265859e+02   8.7878788e+00   1.5213709e+00   -1.4716607e+00   -3.8877922e-01
5.2477428e+02   8.8888889e+00   -5.9189923e-01   -1.5225927e+00   6.1082798e-01
5.2685120e+02   8.9898990e+00   -2.6663608e+00   1.0892980e+00   3.8439441e-03
5.2931436e+02   9.0909091e+00   -2.0527014e-01   -1.5051409e+00   -3.2640901e-01
5.3484893e+02   9.1919192e+00   -5.7389154e+00   -1.5212331e+00   4.3611969e-01
5.3631339e+02   9.2929293e+00   -4.2779396e+00   1.5472741e+00   3.5773821e-01
5.4344004e+02   9.3939394e+00   2.8479977e+00   1.5521377e+00   -2.8491907e-01
5.4714138e+02   9.4949495e+00   6.5479529e+00   -1.5378258e+00   -2.2904813e-01
5.5696693e+02   9.5959596e+00   -3.2770794e+00   -1.5461702e+00   2.6900216e-01
5.5859326e+02   9.6969697e+00   -1.6538845e+00   1.5427564e+00   3.9773436e-01
5.6417383e+02   9.7979798e+00   3.9257726e+00   1.3202640e+00   -2.9539879e-01
5.6896513e+02   9.8989899e+00   -8.6446252e-01   -1.5210818e+00   2.0446136e-02
5.6970207e+02   1.0000000e+01   -1.3448626e-01   1.4332950e+00   4.0090237e+00
