0.0000000e+00   0.0000000e+00   0.0000000e+00   9.8235208e-01   -1.4583290e-03
9.0989006e-01   5.0505051e-01   7.5685132e-01   9.8102516e-01   -2.9357148e-03
1.8161719e+00   1.0101010e+00   1.5093610e+00   9.7702032e-01   -5.9602790e-03
2.7152774e+00   1.5151515e+00   2.2532123e+00   9.7026455e-01   -9.1670905e-03
3.6037191e+00   2.0202020e+00   2.9841380e+00   9.6063371e-01   -1.2658881e-02
4.4781314e+00   2.5252525e+00   3.6979454e+00   9.4794879e-01   -1.6552961e-02
5.3353145e+00   3.0303030e+00   4.3905397e+00   9.3197068e-01   -2.0987077e-02
6.1722790e+00   3.5353535e+00   5.0579477e+00   9.1239358e-01   -2.6125931e-02
6.9862950e+00   4.0404040e+00   5.6963411e+00   8.8883728e-01   -3.2168075e-02
7.7749447e+00   4.5454545e+00   6.3020575e+00   8.6083891e-01   -3.9352353e-02
8.5361807e+00   5.0505051e+00   6.8716224e+00   8.2784563e-01   -4.7961857e-02
9.2683903e+00   5.5555556e+00   7.4017685e+00   7.8921049e-01   -5.8321391e-02
9.9704685e+00   6.0606061e+00   7.8894546e+00   7.4419597e-01   -7.0780990e-02
1.0641899e+01   6.5656566e+00   8.3318831e+00   6.9199218e-01   -8.5673274e-02
1.1282845e+01   7.0707071e+00   8.7265161e+00   6.3176041e-01   -1.0322717e-01
1.1894242e+01   7.5757576e+00   9.0710897e+00   5.6271635e-01   -1.2341929e-01
1.2477898e+01   8.0808081e+00   9.3636273e+00   4.8426776e-01   -1.4575756e-01
1.3036568e+01   8.5858586e+00   9.6024507e+00   3.9621365e-01   -1.6903520e-01
1.3574003e+01   9.0909091e+00   9.7861900e+00   2.9898740e-01   -1.9117514e-01
1.4094924e+01   9.5959596e+00   9.9137912e+00   1.9388245e-01   -2.0936586e-01
1.4604903e+01   1.0101010e+01   9.9845223e+00   8.3152197e-02   -2.2065564e-01
1.5110133e+01   1.0606061e+01   9.9979775e+00   -3.0129145e-02   -2.2291222e-01
1.5617087e+01   1.1111111e+01   9.9540796e+00   -1.4247606e-01   -2.1568138e-01
1.6132138e+01   1.1616162e+01   9.8530805e+00   -2.5055659e-01   -2.0038552e-01
1.6661183e+01   1.2121212e+01   9.6955595e+00   -3.5169769e-01   -1.7971973e-01
1.7209366e+01   1.2626263e+01   9.4824203e+00   -4.4415572e-01   -1.5666428e-01
1.7780899e+01   1.3131313e+01   9.2148855e+00   -5.2711728e-01   -1.3368346e-01
1.8379004e+01   1.3636364e+01   8.8944898e+00   -6.0051706e-01   -1.1238542e-01
1.9005924e+01   1.4141414e+01   8.5230712e+00   -6.6479212e-01   -9.3568378e-02
1.9662991e+01   1.4646465e+01   8.1027603e+00   -7.2065760e-01   -7.7445147e-02
2.0350720e+01   1.5151515e+01   7.6359681e+00   -7.6894005e-01   -6.3882307e-02
2.1068901e+01   1.5656566e+01   7.1253725e+00   -8.1047036e-01   -5.2581722e-02
2.1816694e+01   1.6161616e+01   6.5739025e+00   -8.4602351e-01   -4.3194009e-02
2.2592716e+01   1.6666667e+01   5.9847214e+00   -8.7629006e-01   -3.5379235e-02
2.3395115e+01   1.7171717e+01   5.3612093e+00   -9.0186683e-01   -2.8833799e-02
2.4221638e+01   1.7676768e+01   4.7069427e+00   -9.2325807e-01   -2.3298327e-02
2.5069696e+01   1.8181818e+01   4.0256749e+00   -9.4088176e-01   -1.8556083e-02
2.5936414e+01   1.8686869e+01   3.3213140e+00   -9.5507759e-01   -1.4427351e-02
2.6818685e+01   1.9191919e+01   2.5979004e+00   -9.6611505e-01   -1.0762587e-02
2.7713217e+01   1.9696970e+01   1.8595841e+00   -9.7420059e-01   -7.4356655e-03
2.8616574e+01   2.0202020e+01   1.1106004e+00   -9.7948354e-01   -4.3377062e-03
2.9525219e+01   2.0707071e+01   3.5524571e-01   -9.8206052e-01   -1.3715521e-03
3.0435559e+01   2.1212121e+01   -4.0214681e-01   -9.8197838e-01   1.5532041e-03
3.1343981e+01   2.1717172e+01   -1.1572324e+00   -9.7923562e-01   4.5248511e-03
3.2246893e+01   2.2222222e+01   -1.9056796e+00   -9.7378236e-01   7.6340774e-03
3.3140763e+01   2.2727273e+01   -2.6431950e+00   -9.6551884e-01   1.0978617e-02
3.4022165e+01   2.3232323e+01   -3.3655477e+00   -9.5429232e-01   1.4668252e-02
3.4887816e+01   2.3737374e+01   -4.0685941e+00   -9.3989264e-01   1.8830373e-02
3.5734620e+01   2.4242424e+01   -4.7483011e+00   -9.2204617e-01   2.3616190e-02
3.6559721e+01   2.4747475e+01   -5.4007697e+00   -9.0040861e-01   2.9207521e-02
3.7360547e+01   2.5252525e+01   -6.0222569e+00   -8.7455687e-01   3.5823601e-02
3.8134869e+01   2.5757576e+01   -6.6091977e+00   -8.4398111e-01   4.3726563e-02
3.8880863e+01   2.6262626e+01   -7.1582250e+00   -8.0807866e-01   5.3222624e-02
3.9597176e+01   2.6767677e+01   -7.6661894e+00   -7.6615331e-01   6.4653349e-02
4.0283004e+01   2.7272727e+01   -8.1301770e+00   -7.1742555e-01   7.8367151e-02
4.0938181e+01   2.7777778e+01   -8.5475261e+00   -6.6106258e-01   9.4655907e-02
4.1563267e+01   2.8282828e+01   -8.9158426e+00   -5.9624109e-01   1.1363759e-01
4.2159651e+01   2.8787879e+01   -9.2330136e+00   -5.2225767e-01   1.3507045e-01
4.2729634e+01   2.9292929e+01   -9.4972199e+00   -4.3869938e-01   1.5811179e-01
4.3276499e+01   2.9797980e+01   -9.7069456e+00   -3.4567085e-01   1.8109880e-01
4.3804519e+01   3.0303030e+01   -9.8609877e+00   -2.4403909e-01   2.0152039e-01
4.4318890e+01   3.0808081e+01   -9.9584627e+00   -1.3560786e-01   2.1638659e-01
4.4825549e+01   3.1313131e+01   -9.9988113e+00   -2.3101782e-02   2.2305325e-01
4.5330886e+01   3.1818182e+01   -9.9818020e+00   9.0121255e-02   2.2020380e-01
4.5841368e+01   3.2323232e+01   -9.9075324e+00   2.0058541e-01   2.0841097e-01
4.6363158e+01   3.2828283e+01   -9.7764287e+00   3.0525797e-01   1.8988691e-01
4.6901781e+01   3.3333333e+01   -9.5892427e+00   4.0194382e-01   1.6760039e-01
4.7461900e+01   3.3838384e+01   -9.3470485e+00   4.8940765e-01   1.4432969e-01
4.8047205e+01   3.4343434e+01   -9.0512352e+00   5.6726257e-01   1.2209781e-01
4.8660390e+01   3.4848485e+01   -8.7034998e+00   6.3574062e-01   1.0206090e-01
4.9303205e+01   3.5353535e+01   -8.3058370e+00   6.9545111e-01   8.4674772e-02
4.9976537e+01   3.5858586e+01   -7.8605281e+00   7.4718511e-01   6.9941517e-02
5.0680504e+01   3.6363636e+01   -7.3701276e+00   7.9178145e-01   5.7622191e-02
5.1414549e+01   3.6868687e+01   -6.8374486e+00   8.3004651e-01   4.7381133e-02
5.2177536e+01   3.7373737e+01   -6.2655467e+00   8.6271251e-01   3.8868979e-02
5.2967820e+01   3.7878788e+01   -5.6577028e+00   8.9042056e-01   3.1763226e-02
5.3783332e+01   3.8383838e+01   -5.0174037e+00   9.1371778e-01   2.5783542e-02
5.4621631e+01   3.8888889e+01   -4.3483224e+00   9.3306167e-01   2.0693736e-02
5.5479971e+01   3.9393939e+01   -3.6542971e+00   9.4882759e-01   1.6297552e-02
5.6355347e+01   3.9898990e+01   -2.9393090e+00   9.6131700e-01   1.2432157e-02
5.7244549e+01   4.0404040e+01   -2.2074597e+00   9.7076510e-01   8.9612530e-03
5.8144202e+01   4.0909091e+01   -1.4629474e+00   9.7734737e-01   5.7685966e-03
5.9050811e+01   4.1414141e+01   -7.1004297e-01   9.8118469e-01   2.7521810e-03
5.9960806e+01   4.1919192e+01   4.6934635e-02   9.8234699e-01   -1.8097444e-04
6.0870577e+01   4.2424242e+01   8.0364300e-01   9.8085536e-01   -3.1195881e-03
6.1776518e+01   4.2929293e+01   1.5557413e+00   9.7668272e-01   -6.1526579e-03
6.2675063e+01   4.3434343e+01   2.2989151e+00   9.6975298e-01   -9.3740172e-03
6.3562732e+01   4.3939394e+01   3.0289013e+00   9.5993872e-01   -1.2887143e-02
6.4436168e+01   4.4444444e+01   3.7415123e+00   9.4705737e-01   -1.6810434e-02
6.5292183e+01   4.4949495e+01   4.4326602e+00   9.3086590e-01   -2.1283112e-02
6.6127802e+01   4.5454545e+01   5.0983804e+00   9.1105414e-01   -2.6471774e-02
6.6940313e+01   4.5959596e+01   5.7348538e+00   8.8723697e-01   -3.2577294e-02
6.7727320e+01   4.6464646e+01   6.3384295e+00   8.5894617e-01   -3.9841183e-02
6.8486799e+01   4.6969697e+01   6.9056450e+00   8.2562312e-01   -4.8549290e-02
6.9217169e+01   4.7474747e+01   7.4332464e+00   7.8661506e-01   -5.9028656e-02
6.9917357e+01   4.7979798e+01   7.9182073e+00   7.4117925e-01   -7.1629830e-02
7.0586886e+01   4.8484848e+01   8.3577457e+00   6.8850242e-01   -8.6682069e-02
7.1225965e+01   4.8989899e+01   8.7493402e+00   6.2774633e-01   -1.0440371e-01
7.1835582e+01   4.9494949e+01   9.0907443e+00   5.5813392e-01   -9.0315340e-02
7.2417600e+01   5.0000000e+01   9.3799998e+00   5.2012343e-01   -6.5308118e-02
