0.0000000e+00   5.0000000e+00   0.0000000e+00   1.4035898e+00   1.0225717e-01
6.6136667e-01   5.1100702e+00   6.5214294e-01   1.4712193e+00   1.4970584e-01
1.3414578e+00   5.1330613e+00   1.3318454e+00   1.6044139e+00   1.9294437e-01
2.0403004e+00   5.0638251e+00   2.0272498e+00   1.7372768e+00   1.8738205e-01
2.7579190e+00   4.8988526e+00   2.7256484e+00   1.8698333e+00   1.8213397e-01
3.4943367e+00   4.6364045e+00   3.4137123e+00   2.0021062e+00   1.7717421e-01
4.2495745e+00   4.2766102e+00   4.0777396e+00   2.1341162e+00   1.7247960e-01
5.0236522e+00   3.8215313e+00   4.7039180e+00   2.2658819e+00   1.6802938e-01
5.8165878e+00   3.2751885e+00   5.2785974e+00   2.3974204e+00   1.6380489e-01
6.6283983e+00   2.6435501e+00   5.7885672e+00   2.5287472e+00   1.5978934e-01
7.4590996e+00   1.9344812e+00   6.2213328e+00   2.6598763e+00   1.5596753e-01
8.3087064e+00   1.1576545e+00   6.5653850e+00   2.7908207e+00   1.5232574e-01
9.1772324e+00   3.2442215e-01   6.8104591e+00   2.9215922e+00   1.4885148e-01
1.0064691e+01   -5.5234818e-01   6.9477757e+00   3.0522016e+00   -3.3570716e+00
1.0971093e+01   -1.4584717e+00   6.9702598e+00   -3.1005265e+00   -3.2877735e+00
1.1896451e+01   -2.3786761e+00   6.8727332e+00   -2.9702122e+00   1.3932534e-01
1.2840775e+01   -3.2968582e+00   6.6520750e+00   -2.8400323e+00   1.3641725e-01
1.3804076e+01   -4.1963641e+00   6.3073474e+00   -2.7099792e+00   1.3362896e-01
1.4786362e+01   -5.0602875e+00   5.8398831e+00   -2.5800456e+00   1.3095320e-01
1.5787643e+01   -5.8717805e+00   5.2533315e+00   -2.4502247e+00   1.2838325e-01
1.6807928e+01   -6.6143725e+00   4.5536625e+00   -2.3205105e+00   1.2591293e-01
1.7847223e+01   -7.2722900e+00   3.7491261e+00   -2.1908971e+00   1.2353653e-01
1.8905536e+01   -7.8307718e+00   2.8501679e+00   -2.0613792e+00   1.2124878e-01
1.9982876e+01   -8.2763739e+00   1.8693015e+00   -1.9319518e+00   1.1904477e-01
2.1079247e+01   -8.5972575e+00   8.2093856e-01   -1.8026102e+00   1.1691997e-01
2.2194658e+01   -8.7834545e+00   -2.7882123e-01   -1.6733502e+00   1.1487016e-01
2.3329114e+01   -8.8271052e+00   -1.4124367e+00   -1.5441677e+00   1.1289144e-01
2.4482620e+01   -8.7226634e+00   -2.5612051e+00   -1.4150589e+00   1.1098014e-01
2.5655182e+01   -8.4670630e+00   -3.7055701e+00   -1.2860203e+00   1.0913286e-01
2.6846806e+01   -8.0598442e+00   -4.8254543e+00   -1.1570485e+00   1.0734643e-01
2.8057497e+01   -7.5032341e+00   -5.9006085e+00   -1.0281404e+00   1.0561788e-01
2.9287259e+01   -6.8021807e+00   -6.9109738e+00   -8.9929310e-01   1.0394441e-01
3.0536096e+01   -5.9643378e+00   -7.8370484e+00   -7.7050385e-01   1.0232344e-01
3.1804014e+01   -5.0000000e+00   -8.6602540e+00   -6.4177006e-01   1.0075252e-01
3.3091015e+01   -3.9219884e+00   -9.3632936e+00   -5.1308929e-01   9.9229355e-02
3.4397105e+01   -2.7454878e+00   -9.9304950e+00   -3.8445923e-01   9.7751791e-02
3.5722287e+01   -1.4878369e+00   -1.0348133e+01   -2.5587773e-01   9.6317804e-02
3.7066565e+01   -1.6827537e-01   -1.0604726e+01   -1.2734274e-01   9.4925486e-02
3.8429942e+01   1.1923503e+00   -1.0691293e+01   1.1476754e-03   9.3573040e-02
3.9812421e+01   2.5719157e+00   -1.0601581e+01   1.2959535e-01   9.2258771e-02
4.1214006e+01   3.9473779e+00   -1.0332241e+01   2.5800200e-01   9.0981077e-02
4.2634699e+01   5.2951605e+00   -9.8829620e+00   3.8636927e-01   8.9738449e-02
4.4074505e+01   6.5915558e+00   -9.2565449e+00   5.1469872e-01   8.8529456e-02
4.5533424e+01   7.8131387e+00   -8.4589348e+00   6.4299181e-01   8.7352746e-02
4.7011461e+01   8.9371852e+00   -7.4991888e+00   7.7124994e-01   8.6207039e-02
4.8508618e+01   9.9420872e+00   -6.3893915e+00   8.9947443e-01   8.5091121e-02
5.0024897e+01   1.0807757e+01   -5.1445149e+00   1.0276666e+00   8.4003840e-02
5.1560301e+01   1.1516014e+01   -3.7822236e+00   1.1558275e+00   8.2944105e-02
5.3114831e+01   1.2050943e+01   -2.3226289e+00   1.2839584e+00   8.1910879e-02
5.4688492e+01   1.2399228e+01   -7.8799415e-01   1.4120604e+00   8.0903176e-02
5.6281283e+01   1.2550439e+01   7.9760384e-01   1.5401344e+00   7.9920058e-02
5.7893209e+01   1.2497274e+01   2.4086522e+00   1.6681816e+00   7.8960635e-02
5.9524270e+01   1.2235764e+01   4.0186126e+00   1.7962027e+00   7.8024056e-02
6.1174468e+01   1.1765406e+01   5.6003579e+00   1.9241987e+00   7.7109513e-02
6.2843806e+01   1.1089251e+01   7.1266290e+00   2.0521705e+00   7.6216235e-02
6.4532285e+01   1.0213926e+01   8.5705015e+00   2.1801189e+00   7.5343486e-02
6.6239908e+01   9.1495966e+00   9.9058579e+00   2.3080447e+00   7.4490565e-02
6.7966675e+01   7.9098669e+00   1.1107854e+01   2.4359485e+00   7.3656802e-02
6.9712588e+01   6.5116163e+00   1.2153372e+01   2.5638312e+00   7.2841557e-02
7.1477649e+01   4.9747776e+00   1.3021455e+01   2.6916934e+00   7.2044217e-02
7.3261860e+01   3.3220577e+00   1.3693708e+01   2.8195357e+00   7.1264197e-02
7.5065221e+01   1.5786047e+00   1.4154669e+01   2.9473588e+00   7.0500939e-02
7.6887735e+01   -2.2837372e-01   1.4392128e+01   3.0751633e+00   -1.6450041e+00
7.8729403e+01   -2.0700340e+00   1.4397403e+01   -3.0802355e+00   -1.6279932e+00
8.0590226e+01   -3.9163576e+00   1.4165559e+01   -2.9524665e+00   6.8306480e-02
8.2470206e+01   -5.7366397e+00   1.3695564e+01   -2.8247144e+00   6.7605126e-02
8.4369343e+01   -7.5000000e+00   1.2990381e+01   -2.6969788e+00   6.6918067e-02
8.6287639e+01   -9.1759044e+00   1.2056998e+01   -2.5692592e+00   6.6244871e-02
8.8225095e+01   -1.0734691e+01   1.0906381e+01   -2.4415550e+00   6.5585122e-02
9.0181713e+01   -1.2148093e+01   9.5533662e+00   -2.3138659e+00   6.4938418e-02
9.2157493e+01   -1.3389741e+01   8.0164805e+00   -2.1861913e+00   6.4304376e-02
9.4152437e+01   -1.4435648e+01   6.3176933e+00   -2.0585310e+00   6.3682628e-02
9.6166545e+01   -1.5264661e+01   4.4821089e+00   -1.9308844e+00   6.3072817e-02
9.8199819e+01   -1.5858867e+01   2.5375982e+00   -1.8032512e+00   6.2474603e-02
1.0025226e+02   -1.6203959e+01   5.1437710e-01   -1.6756310e+00   6.1887657e-02
1.0232387e+02   -1.6289541e+01   -1.5554625e+00   -1.5480235e+00   6.1311664e-02
1.0441464e+02   -1.6109371e+01   -3.6384618e+00   -1.4204283e+00   6.0746318e-02
1.0652459e+02   -1.5661544e+01   -5.7003357e+00   -1.2928450e+00   6.0191327e-02
1.0865371e+02   -1.4948596e+01   -7.7065370e+00   -1.1652734e+00   5.9646408e-02
1.1080199e+02   -1.3977542e+01   -9.6228341e+00   -1.0377132e+00   5.9111288e-02
1.1296945e+02   -1.2759831e+01   -1.1415893e+01   -9.1016402e-01   5.8585707e-02
1.1515609e+02   -1.1311231e+01   -1.3053856e+01   -7.8262559e-01   5.8069409e-02
1.1736189e+02   -9.6516375e+00   -1.4506899e+01   -6.5509764e-01   5.7562151e-02
1.1958688e+02   -7.8048071e+00   -1.5747769e+01   -5.2757991e-01   5.7063696e-02
1.2183103e+02   -5.7980230e+00   -1.6752287e+01   -4.0007212e-01   5.6573818e-02
1.2409436e+02   -3.6616950e+00   -1.7499801e+01   -2.7257403e-01   5.6092297e-02
1.2637687e+02   -1.4289007e+00   -1.7973594e+01   -1.4508540e-01   5.5618919e-02
1.2867856e+02   8.6512574e-01   -1.8161224e+01   -1.7605983e-02   5.5153480e-02
1.3099943e+02   3.1835499e+00   -1.8054809e+01   1.0986444e-01   5.4695782e-02
1.3333947e+02   5.4885282e+00   -1.7651223e+01   2.3732609e-01   5.4245632e-02
1.3569869e+02   7.7418252e+00   -1.6952233e+01   3.6477917e-01   5.3802844e-02
1.3807710e+02   9.9054482e+00   -1.5964538e+01   4.9222391e-01   5.3367241e-02
1.4047468e+02   1.1942285e+01   -1.4699744e+01   6.1966048e-01   5.2938646e-02
1.4289145e+02   1.3816741e+01   -1.3174236e+01   7.4708910e-01   5.2516894e-02
1.4532740e+02   1.5495352e+01   -1.1408986e+01   8.7450994e-01   5.2101820e-02
1.4778253e+02   1.6947382e+01   -9.4292700e+00   1.0019232e+00   5.1693268e-02
1.5025684e+02   1.8145373e+01   -7.2643116e+00   1.1293290e+00   5.1291084e-02
1.5275034e+02   1.9065656e+01   -4.9468543e+00   1.2567276e+00   5.0895120e-02
1.5526302e+02   1.9688800e+01   -2.5126684e+00   1.3841191e+00   3.7831706e-02
1.5779489e+02   2.0000000e+01   -9.7971744e-15   1.4475715e+00   2.5061496e-02
