0.0000000e+00   0.0000000e+00   0.0000000e+00   0.0000000e+00   0.0000000e+00
5.0000000e-01   5.0000000e-01   0.0000000e+00   0.0000000e+00   0.0000000e+00
1.0000000e+00   9.9999844e-01   1.2494779e-03   2.4989585e-03   4.9979169e-03
1.5000000e+00   1.4999844e+00   4.9947576e-03   7.4906293e-03   9.9833417e-03
2.0000000e+00   1.9999284e+00   1.2475746e-02   1.4962536e-02   1.4943813e-02
2.5000000e+00   2.4997735e+00   2.4922462e-02   2.4896002e-02   1.9866933e-02
3.0000000e+00   2.9994263e+00   4.3551249e-02   3.7266200e-02   2.4740396e-02
3.5000000e+00   3.4987494e+00   6.9560610e-02   5.2042211e-02   2.9552021e-02
4.0000000e+00   3.9975532e+00   1.0412657e-01   6.9187101e-02   3.4289781e-02
4.5000000e+00   4.4955894e+00   1.4839753e-01   8.8658018e-02   3.8941834e-02
5.0000000e+00   4.9925451e+00   2.0348859e-01   1.1040629e-01   4.3496553e-02
5.5000000e+00   5.4880376e+00   2.7047535e-01   1.3437757e-01   4.7942554e-02
6.0000000e+00   5.9816104e+00   3.5038714e-01   1.6051193e-01   5.2268723e-02
6.5000000e+00   6.4727307e+00   4.4419985e-01   1.8874406e-01   5.6464247e-02
7.0000000e+00   6.9607879e+00   5.5282830e-01   2.1900338e-01   6.0518641e-02
7.5000000e+00   7.4450936e+00   6.7711845e-01   2.5121426e-01   6.4421769e-02
8.0000000e+00   7.9248827e+00   8.1783929e-01   2.8529620e-01   6.8163876e-02
8.5000000e+00   8.3993170e+00   9.7567492e-01   3.2116400e-01   7.1735609e-02
9.0000000e+00   8.8674891e+00   1.1512167e+00   3.5872802e-01   7.5128041e-02
9.5000000e+00   9.3284286e+00   1.3449557e+00   3.9789437e-01   7.8332691e-02
1.0000000e+01   9.7811095e+00   1.5572761e+00   4.3856515e-01   8.1341550e-02
1.0500000e+01   1.0224459e+01   1.7884489e+00   4.8063869e-01   8.4147098e-02
1.1000000e+01   1.0657369e+01   2.0386269e+00   5.2400986e-01   8.6742323e-02
1.1500000e+01   1.1078705e+01   2.3078408e+00   5.6857022e-01   8.9120736e-02
1.2000000e+01   1.1487320e+01   2.5959967e+00   6.1420842e-01   9.1276394e-02
1.2500000e+01   1.1882068e+01   2.9028751e+00   6.6081038e-01   9.3203909e-02
1.3000000e+01   1.2261815e+01   3.2281316e+00   7.0825961e-01   9.4898462e-02
1.3500000e+01   1.2625458e+01   3.5712990e+00   7.5643752e-01   9.6355819e-02
1.4000000e+01   1.2971933e+01   3.9317918e+00   8.0522368e-01   9.7572336e-02
1.4500000e+01   1.3300232e+01   4.3089119e+00   8.5449617e-01   9.8544973e-02
1.5000000e+01   1.3609416e+01   4.7018562e+00   9.0413182e-01   9.9271299e-02
1.5500000e+01   1.3898626e+01   5.1097260e+00   9.5400657e-01   9.9749499e-02
1.6000000e+01   1.4167094e+01   5.5315376e+00   1.0039958e+00   9.9978376e-02
1.6500000e+01   1.4414154e+01   5.9662346e+00   1.0539744e+00   9.9957360e-02
1.7000000e+01   1.4639249e+01   6.4127008e+00   1.1038177e+00   9.9686503e-02
1.7500000e+01   1.4841939e+01   6.8697748e+00   1.1534009e+00   9.9166481e-02
1.8000000e+01   1.5021906e+01   7.3362639e+00   1.2026002e+00   9.8398595e-02
1.8500000e+01   1.5178954e+01   7.8109596e+00   1.2512926e+00   9.7384763e-02
1.9000000e+01   1.5313013e+01   8.2926525e+00   1.2993564e+00   9.6127520e-02
1.9500000e+01   1.5424140e+01   8.7801470e+00   1.3466714e+00   9.4630009e-02
2.0000000e+01   1.5512512e+01   9.2722754e+00   1.3931194e+00   9.2895972e-02
2.0500000e+01   1.5578425e+01   9.7679118e+00   1.4385842e+00   9.0929743e-02
2.1000000e+01   1.5622291e+01   1.0265984e+01   1.4829523e+00   8.8736237e-02
2.1500000e+01   1.5644625e+01   1.0765485e+01   1.5261128e+00   8.6320937e-02
2.2000000e+01   1.5646044e+01   1.1265483e+01   1.5679578e+00   8.3689879e-02
2.2500000e+01   1.5627256e+01   1.1765130e+01   1.6083826e+00   8.0849640e-02
2.3000000e+01   1.5589048e+01   1.2263668e+01   1.6472862e+00   7.7807320e-02
2.3500000e+01   1.5532283e+01   1.2760435e+01   1.6845715e+00   7.4570521e-02
2.4000000e+01   1.5457886e+01   1.3254869e+01   1.7201452e+00   7.1147335e-02
2.4500000e+01   1.5366836e+01   1.3746509e+01   1.7539183e+00   6.7546318e-02
2.5000000e+01   1.5260157e+01   1.4234996e+01   1.7858066e+00   6.3776470e-02
2.5500000e+01   1.5138911e+01   1.4720073e+01   1.8157302e+00   5.9847214e-02
2.6000000e+01   1.5004188e+01   1.5201581e+01   1.8436144e+00   5.5768372e-02
2.6500000e+01   1.4857100e+01   1.5679456e+01   1.8693894e+00   5.1550137e-02
2.7000000e+01   1.4698775e+01   1.6153728e+01   1.8929909e+00   4.7203054e-02
2.7500000e+01   1.4530353e+01   1.6624508e+01   1.9143599e+00   4.2737988e-02
2.8000000e+01   1.4352978e+01   1.7091988e+01   1.9334430e+00   3.8166099e-02
2.8500000e+01   1.4167798e+01   1.7556433e+01   1.9501924e+00   3.3498815e-02
2.9000000e+01   1.3975962e+01   1.8018167e+01   1.9645663e+00   2.8747801e-02
2.9500000e+01   1.3778616e+01   1.8477574e+01   1.9765288e+00   2.3924933e-02
3.0000000e+01   1.3576905e+01   1.8935081e+01   1.9860499e+00   1.9042265e-02
3.0500000e+01   1.3371971e+01   1.9391153e+01   1.9931059e+00   1.4112001e-02
3.1000000e+01   1.3164953e+01   1.9846284e+01   1.9976791e+00   9.1464642e-03
3.1500000e+01   1.2956990e+01   2.0300983e+01   1.9997582e+00   4.1580662e-03
3.2000000e+01   1.2749218e+01   2.0755769e+01   1.9993378e+00   -8.4072474e-04
3.2500000e+01   1.2542774e+01   2.1211160e+01   1.9964191e+00   -5.8374143e-03
3.3000000e+01   1.2338796e+01   2.1667661e+01   1.9910093e+00   -1.0819513e-02
3.3500000e+01   1.2138425e+01   2.2125757e+01   1.9831221e+00   -1.5774569e-02
3.4000000e+01   1.1942805e+01   2.2585901e+01   1.9727770e+00   -2.0690197e-02
3.4500000e+01   1.1753079e+01   2.3048506e+01   1.9599999e+00   -2.5554110e-02
3.5000000e+01   1.1570395e+01   2.3513938e+01   1.9448228e+00   -3.0354151e-02
3.5500000e+01   1.1395903e+01   2.3982503e+01   1.9272837e+00   -3.5078323e-02
3.6000000e+01   1.1230749e+01   2.4454439e+01   1.9074263e+00   -3.9714817e-02
3.6500000e+01   1.1076077e+01   2.4929914e+01   1.8853002e+00   -4.4252044e-02
3.7000000e+01   1.0933022e+01   2.5409013e+01   1.8609609e+00   -4.8678665e-02
3.7500000e+01   1.0802708e+01   2.5891732e+01   1.8344691e+00   -5.2983614e-02
3.8000000e+01   1.0686240e+01   2.6377978e+01   1.8058910e+00   -5.7156132e-02
3.8500000e+01   1.0584701e+01   2.6867559e+01   1.7752981e+00   -6.1185789e-02
3.9000000e+01   1.0499138e+01   2.7360184e+01   1.7427669e+00   -6.5062514e-02
3.9500000e+01   1.0430564e+01   2.7855459e+01   1.7083786e+00   -6.8776616e-02
4.0000000e+01   1.0379940e+01   2.8352890e+01   1.6722192e+00   -7.2318812e-02
4.0500000e+01   1.0348170e+01   2.8851880e+01   1.6343790e+00   -7.5680250e-02
4.1000000e+01   1.0336093e+01   2.9351734e+01   1.5949528e+00   -7.8852525e-02
4.1500000e+01   1.0344471e+01   2.9851664e+01   1.5540389e+00   -8.1827711e-02
4.2000000e+01   1.0373982e+01   3.0350792e+01   1.5117397e+00   -8.4598370e-02
4.2500000e+01   1.0425210e+01   3.0848161e+01   1.4681609e+00   -8.7157577e-02
4.3000000e+01   1.0498636e+01   3.1342740e+01   1.4234115e+00   -8.9498936e-02
4.3500000e+01   1.0594632e+01   3.1833438e+01   1.3776032e+00   -9.1616594e-02
4.4000000e+01   1.0713457e+01   3.2319113e+01   1.3308505e+00   -9.3505258e-02
4.4500000e+01   1.0855248e+01   3.2798588e+01   1.2832704e+00   -9.5160207e-02
4.5000000e+01   1.1020017e+01   3.3270659e+01   1.2349818e+00   -9.6577306e-02
4.5500000e+01   1.1207653e+01   3.3734116e+01   1.1861053e+00   -9.7753012e-02
4.6000000e+01   1.1417920e+01   3.4187754e+01   1.1367631e+00   -9.8684386e-02
4.6500000e+01   1.1650457e+01   3.4630390e+01   1.0870785e+00   -9.9369100e-02
4.7000000e+01   1.1904784e+01   3.5060876e+01   1.0371758e+00   -9.9805444e-02
4.7500000e+01   1.2180307e+01   3.5478114e+01   9.8717966e-01   -9.9992326e-02
4.8000000e+01   1.2476324e+01   3.5881070e+01   9.3721502e-01   -9.9929279e-02
4.8500000e+01   1.2792036e+01   3.6268788e+01   8.8740679e-01   -9.9616461e-02
4.9000000e+01   1.3126557e+01   3.6640401e+01   8.3787946e-01   -9.9054654e-02
4.9500000e+01   1.3478921e+01   3.6995140e+01   7.8875683e-01   -9.8245261e-02
5.0000000e+01   1.3848100e+01   3.7332344e+01   7.4016168e-01   -9.7190307e-02
