0.0000000e+00   1.0000000e+01   0.0000000e+00   1.5868249e+00   5.0002141e-02
3.2055695e-01   9.9948622e+00   3.2051578e-01   1.6028534e+00   7.5003212e-02
6.4111391e-01   9.9794539e+00   6.4070220e-01   1.6349105e+00   1.0000428e-01
9.6167086e-01   9.9537911e+00   9.6023026e-01   1.6669675e+00   1.0000428e-01
1.2822278e+00   9.9179001e+00   1.2787716e+00   1.6990246e+00   1.0000428e-01
1.6027848e+00   9.8718178e+00   1.5959990e+00   1.7310817e+00   1.0000428e-01
1.9233417e+00   9.8155916e+00   1.9115863e+00   1.7631387e+00   1.0000428e-01
2.2438987e+00   9.7492791e+00   2.2252093e+00   1.7951958e+00   1.0000428e-01
2.5644556e+00   9.6729486e+00   2.5365458e+00   1.8272529e+00   1.0000428e-01
2.8850126e+00   9.5866785e+00   2.8452759e+00   1.8593099e+00   1.0000428e-01
3.2055695e+00   9.4905575e+00   3.1510822e+00   1.8913670e+00   1.0000428e-01
3.5261265e+00   9.3846842e+00   3.4536505e+00   1.9234241e+00   1.0000428e-01
3.8466834e+00   9.2691676e+00   3.7526700e+00   1.9554811e+00   1.0000428e-01
4.1672404e+00   9.1441262e+00   4.0478334e+00   1.9875382e+00   1.0000428e-01
4.4877973e+00   9.0096887e+00   4.3388374e+00   2.0195953e+00   1.0000428e-01
4.8083543e+00   8.8659931e+00   4.6253829e+00   2.0516523e+00   1.0000428e-01
5.1289112e+00   8.7131870e+00   4.9071755e+00   2.0837094e+00   1.0000428e-01
5.4494682e+00   8.5514276e+00   5.1839257e+00   2.1157665e+00   1.0000428e-01
5.7700251e+00   8.3808810e+00   5.4553490e+00   2.1478235e+00   1.0000428e-01
6.0905821e+00   8.2017225e+00   5.7211666e+00   2.1798806e+00   1.0000428e-01
6.4111391e+00   8.0141362e+00   5.9811053e+00   2.2119377e+00   1.0000428e-01
6.7316960e+00   7.8183148e+00   6.2348980e+00   2.2439948e+00   1.0000428e-01
7.0522530e+00   7.6144596e+00   6.4822840e+00   2.2760518e+00   1.0000428e-01
7.3728099e+00   7.4027800e+00   6.7230089e+00   2.3081089e+00   1.0000428e-01
7.6933669e+00   7.1834935e+00   6.9568255e+00   2.3401660e+00   1.0000428e-01
8.0139238e+00   6.9568255e+00   7.1834935e+00   2.3722230e+00   1.0000428e-01
8.3344808e+00   6.7230089e+00   7.4027800e+00   2.4042801e+00   1.0000428e-01
8.6550377e+00   6.4822840e+00   7.6144596e+00   2.4363372e+00   1.0000428e-01
8.9755947e+00   6.2348980e+00   7.8183148e+00   2.4683942e+00   1.0000428e-01
9.2961516e+00   5.9811053e+00   8.0141362e+00   2.5004513e+00   1.0000428e-01
9.6167086e+00   5.7211666e+00   8.2017225e+00   2.5325084e+00   1.0000428e-01
9.9372655e+00   5.4553490e+00   8.3808810e+00   2.5645654e+00   1.0000428e-01
1.0257822e+01   5.1839257e+00   8.5514276e+00   2.5966225e+00   1.0000428e-01
1.0578379e+01   4.9071755e+00   8.7131870e+00   2.6286796e+00   1.0000428e-01
1.0898936e+01   4.6253829e+00   8.8659931e+00   2.6607366e+00   1.0000428e-01
1.1219493e+01   4.3388374e+00   9.0096887e+00   2.6927937e+00   1.0000428e-01
1.1540050e+01   4.0478334e+00   9.1441262e+00   2.7248508e+00   1.0000428e-01
1.1860607e+01   3.7526700e+00   9.2691676e+00   2.7569078e+00   1.0000428e-01
1.2181164e+01   3.4536505e+00   9.3846842e+00   2.7889649e+00   1.0000428e-01
1.2501721e+01   3.1510822e+00   9.4905575e+00   2.8210220e+00   1.0000428e-01
1.2822278e+01   2.8452759e+00   9.5866785e+00   2.8530790e+00   1.0000428e-01
1.3142835e+01   2.5365458e+00   9.6729486e+00   2.8851361e+00   1.0000428e-01
1.3463392e+01   2.2252093e+00   9.7492791e+00   2.9171932e+00   1.0000428e-01
1.3783949e+01   1.9115863e+00   9.8155916e+00   2.9492502e+00   1.0000428e-01
1.4104506e+01   1.5959990e+00   9.8718178e+00   2.9813073e+00   1.0000428e-01
1.4425063e+01   1.2787716e+00   9.9179001e+00   3.0133644e+00   1.0000428e-01
1.4745620e+01   9.6023026e-01   9.9537911e+00   3.0454214e+00   1.0000428e-01
1.5066177e+01   6.4070220e-01   9.9794539e+00   3.0774785e+00   1.0000428e-01
1.5386734e+01   3.2051578e-01   9.9948622e+00   3.1095356e+00   7.5003212e-02
1.5707291e+01   6.1232340e-16   1.0000000e+01   3.1255641e+00   5.0002141e-02
