0.00 50.00 0.00 0.00 30.00
1.58 49.98 1.58 1.59 30.00
3.16 49.90 3.16 1.62 30.00
4.74 49.78 4.73 1.65 30.00
6.31 49.60 6.30 1.68 30.00
7.89 49.38 7.86 1.71 30.00
9.47 49.11 9.42 1.74 30.00
11.05 48.78 10.96 1.78 30.00
12.63 48.41 12.50 1.81 30.00
14.21 47.99 14.02 1.84 30.00
15.79 47.53 15.53 1.87 30.00
17.36 47.01 17.02 1.90 30.00
18.94 46.45 18.49 1.93 30.00
20.52 45.85 19.95 1.97 30.00
22.10 45.19 21.39 2.00 30.00
23.68 44.50 22.80 2.03 30.00
25.26 43.75 24.20 2.06 30.00
26.84 42.97 25.57 2.09 30.00
28.42 42.14 26.91 2.12 30.00
29.99 41.27 28.23 2.15 30.00
31.57 40.36 29.52 2.19 30.00
33.15 39.41 30.78 2.22 30.00
34.73 38.41 32.00 2.25 30.00
36.31 37.39 33.20 2.28 30.00
37.89 36.32 34.37 2.31 30.00
39.47 35.22 35.49 2.34 30.00
41.04 34.08 36.59 2.38 30.00
42.62 32.91 37.65 2.41 30.00
44.20 31.70 38.67 2.44 30.00
45.78 30.46 39.65 2.47 30.00
47.36 29.20 40.59 2.50 30.00
48.94 27.90 41.49 2.53 30.00
50.52 26.58 42.35 2.57 30.00
52.09 25.23 43.17 2.60 30.00
53.67 23.85 43.94 2.63 30.00
55.25 22.45 44.68 2.66 30.00
56.83 21.03 45.36 2.69 30.00
58.41 19.59 46.00 2.72 30.00
59.99 18.13 46.60 2.75 30.00
61.57 16.65 47.15 2.79 30.00
63.14 15.15 47.65 2.82 30.00
64.72 13.64 48.10 2.85 30.00
66.30 12.11 48.51 2.88 30.00
67.88 10.58 48.87 2.91 30.00
69.46 9.03 49.18 2.94 30.00
71.04 7.47 49.44 2.98 30.00
72.62 5.91 49.65 3.01 30.00
74.20 4.34 49.81 3.04 30.00
75.77 2.76 49.92 3.07 30.00
77.35 1.18 49.99 3.10 30.00
78.93 -0.39 50.00 3.13 30.00
80.51 -1.97 49.96 -3.12 30.00
82.09 -3.55 49.87 -3.09 30.00
83.67 -5.12 49.74 -3.05 30.00
85.25 -6.69 49.55 -3.02 30.00
86.82 -8.25 49.31 -2.99 30.00
88.40 -9.80 49.03 -2.96 30.00
89.98 -11.35 48.70 -2.93 30.00
91.56 -12.88 48.31 -2.90 30.00
93.14 -14.40 47.88 -2.87 30.00
94.72 -15.90 47.40 -2.83 30.00
96.30 -17.39 46.88 -2.80 30.00
97.87 -18.86 46.31 -2.77 30.00
99.45 -20.31 45.69 -2.74 30.00
101.03 -21.74 45.02 -2.71 30.00
102.61 -23.16 44.32 -2.68 30.00
104.19 -24.54 43.56 -2.64 30.00
105.77 -25.91 42.77 -2.61 30.00
107.35 -27.24 41.93 -2.58 30.00
108.93 -28.55 41.05 -2.55 30.00
110.50 -29.83 40.12 -2.52 30.00
112.08 -31.09 39.16 -2.49 30.00
113.66 -32.31 38.16 -2.45 30.00
115.24 -33.50 37.12 -2.42 30.00
116.82 -34.65 36.05 -2.39 30.00
118.40 -35.77 34.93 -2.36 30.00
119.98 -36.86 33.79 -2.33 30.00
121.55 -37.90 32.61 -2.30 30.00
123.13 -38.92 31.39 -2.27 30.00
124.71 -39.89 30.15 -2.23 30.00
126.29 -40.82 28.88 -2.20 30.00
127.87 -41.71 27.57 -2.17 30.00
129.45 -42.56 26.24 -2.14 30.00
131.03 -43.37 24.89 -2.11 30.00
132.60 -44.13 23.50 -2.08 30.00
134.18 -44.85 22.10 -2.04 30.00
135.76 -45.53 20.67 -2.01 30.00
137.34 -46.16 19.23 -1.98 30.00
138.92 -46.74 17.76 -1.95 30.00
140.50 -47.28 16.27 -1.92 30.00
142.08 -47.77 14.77 -1.89 30.00
143.65 -48.21 13.26 -1.85 30.00
145.23 -48.60 11.73 -1.82 30.00
146.81 -48.95 10.19 -1.79 30.00
148.39 -49.25 8.64 -1.76 30.00
149.97 -49.50 7.08 -1.73 30.00
151.55 -49.70 5.51 -1.70 30.00
153.13 -49.84 3.94 -1.67 30.00
154.71 -49.94 2.37 -1.63 30.00
156.28 -49.99 0.79 -1.60 30.00
157.86 -49.99 -0.79 -1.57 30.00
159.44 -49.94 -2.37 -1.54 30.00
161.02 -49.84 -3.94 -1.51 30.00
162.60 -49.70 -5.51 -1.48 30.00
164.18 -49.50 -7.08 -1.44 30.00
165.76 -49.25 -8.64 -1.41 30.00
167.33 -48.95 -10.19 -1.38 30.00
168.91 -48.60 -11.73 -1.35 30.00
170.49 -48.21 -13.26 -1.32 30.00
172.07 -47.77 -14.77 -1.29 30.00
173.65 -47.28 -16.27 -1.26 30.00
175.23 -46.74 -17.76 -1.22 30.00
176.81 -46.16 -19.23 -1.19 30.00
178.38 -45.53 -20.67 -1.16 30.00
179.96 -44.85 -22.10 -1.13 30.00
181.54 -44.13 -23.50 -1.10 30.00
183.12 -43.37 -24.89 -1.07 30.00
184.70 -42.56 -26.24 -1.03 30.00
186.28 -41.71 -27.57 -1.00 30.00
187.86 -40.82 -28.88 -0.97 30.00
189.43 -39.89 -30.15 -0.94 30.00
191.01 -38.92 -31.39 -0.91 30.00
192.59 -37.90 -32.61 -0.88 30.00
194.17 -36.86 -33.79 -0.84 30.00
195.75 -35.77 -34.93 -0.81 30.00
197.33 -34.65 -36.05 -0.78 30.00
198.91 -33.50 -37.12 -0.75 30.00
200.49 -32.31 -38.16 -0.72 30.00
202.06 -31.09 -39.16 -0.69 30.00
203.64 -29.83 -40.12 -0.66 30.00
205.22 -28.55 -41.05 -0.62 30.00
206.80 -27.24 -41.93 -0.59 30.00
208.38 -25.91 -42.77 -0.56 30.00
209.96 -24.54 -43.56 -0.53 30.00
211.54 -23.16 -44.32 -0.50 30.00
213.11 -21.74 -45.02 -0.47 30.00
214.69 -20.31 -45.69 -0.43 30.00
216.27 -18.86 -46.31 -0.40 30.00
217.85 -17.39 -46.88 -0.37 30.00
219.43 -15.90 -47.40 -0.34 30.00
221.01 -14.40 -47.88 -0.31 30.00
222.59 -12.88 -48.31 -0.28 30.00
224.16 -11.35 -48.70 -0.24 30.00
225.74 -9.80 -49.03 -0.21 30.00
227.32 -8.25 -49.31 -0.18 30.00
228.90 -6.69 -49.55 -0.15 30.00
230.48 -5.12 -49.74 -0.12 30.00
232.06 -3.55 -49.87 -0.09 30.00
233.64 -1.97 -49.96 -0.06 30.00
235.22 -0.39 -50.00 -0.02 30.00
236.79 1.18 -49.99 0.01 30.00
238.37 2.76 -49.92 0.04 30.00
239.95 4.34 -49.81 0.07 30.00
241.53 5.91 -49.65 0.10 30.00
243.11 7.47 -49.44 0.13 30.00
244.69 9.03 -49.18 0.17 30.00
246.27 10.58 -48.87 0.20 30.00
247.84 12.11 -48.51 0.23 30.00
249.42 13.64 -48.10 0.26 30.00
251.00 15.15 -47.65 0.29 30.00
252.58 16.65 -47.15 0.32 30.00
254.16 18.13 -46.60 0.36 30.00
255.74 19.59 -46.00 0.39 30.00
257.32 21.03 -45.36 0.42 30.00
258.89 22.45 -44.68 0.45 30.00
260.47 23.85 -43.94 0.48 30.00
262.05 25.23 -43.17 0.51 30.00
263.63 26.58 -42.35 0.54 30.00
265.21 27.90 -41.49 0.58 30.00
266.79 29.20 -40.59 0.61 30.00
268.37 30.46 -39.65 0.64 30.00
269.94 31.70 -38.67 0.67 30.00
271.52 32.91 -37.65 0.70 30.00
273.10 34.08 -36.59 0.73 30.00
274.68 35.22 -35.49 0.77 30.00
276.26 36.32 -34.37 0.80 30.00
277.84 37.39 -33.20 0.83 30.00
279.42 38.41 -32.00 0.86 30.00
281.00 39.41 -30.78 0.89 30.00
282.57 40.36 -29.52 0.92 30.00
284.15 41.27 -28.23 0.96 30.00
285.73 42.14 -26.91 0.99 30.00
287.31 42.97 -25.57 1.02 30.00
288.89 43.75 -24.20 1.05 30.00
290.47 44.50 -22.80 1.08 30.00
292.05 45.19 -21.39 1.11 30.00
293.62 45.85 -19.95 1.14 30.00
295.20 46.45 -18.49 1.18 30.00
296.78 47.01 -17.02 1.21 30.00
298.36 47.53 -15.53 1.24 30.00
299.94 47.99 -14.02 1.27 30.00
301.52 48.41 -12.50 1.30 30.00
303.10 48.78 -10.96 1.33 30.00
304.67 49.11 -9.42 1.37 30.00
306.25 49.38 -7.86 1.40 30.00
307.83 49.60 -6.30 1.43 30.00
309.41 49.78 -4.73 1.46 30.00
310.99 49.90 -3.16 1.49 30.00
312.57 49.98 -1.58 1.52 30.00
314.15 50.00 -0.00 1.56 30.00
