0.00 0.00 0.00 0.00 30.00
0.17 0.17 0.00 0.02 30.00
0.33 0.33 0.01 0.05 30.00
0.50 0.50 0.03 0.08 30.00
0.67 0.67 0.04 0.12 30.00
0.84 0.84 0.07 0.15 30.00
1.01 1.00 0.10 0.18 30.00
1.18 1.17 0.14 0.21 30.00
1.35 1.34 0.18 0.25 30.00
1.53 1.51 0.23 0.28 30.00
1.70 1.67 0.28 0.31 30.00
1.88 1.84 0.34 0.34 30.00
2.06 2.01 0.40 0.37 30.00
2.24 2.17 0.47 0.40 30.00
2.42 2.34 0.55 0.42 30.00
2.61 2.51 0.63 0.45 30.00
2.80 2.68 0.72 0.48 30.00
2.99 2.84 0.81 0.50 30.00
3.18 3.01 0.91 0.53 30.00
3.38 3.18 1.01 0.55 30.00
3.58 3.34 1.12 0.58 30.00
3.78 3.51 1.23 0.60 30.00
3.99 3.68 1.35 0.62 30.00
4.20 3.85 1.48 0.65 30.00
4.41 4.01 1.61 0.67 30.00
4.63 4.18 1.75 0.69 30.00
4.85 4.35 1.89 0.71 30.00
5.07 4.52 2.04 0.73 30.00
5.30 4.68 2.19 0.74 30.00
5.53 4.85 2.35 0.76 30.00
5.76 5.02 2.52 0.78 30.00
6.00 5.18 2.69 0.80 30.00
6.24 5.35 2.86 0.81 30.00
6.49 5.52 3.05 0.83 30.00
6.74 5.69 3.23 0.84 30.00
7.00 5.85 3.43 0.86 30.00
7.26 6.02 3.62 0.87 30.00
7.52 6.19 3.83 0.88 30.00
7.79 6.35 4.04 0.90 30.00
8.06 6.52 4.25 0.91 30.00
8.34 6.69 4.47 0.92 30.00
8.62 6.86 4.70 0.93 30.00
8.91 7.02 4.93 0.95 30.00
9.20 7.19 5.17 0.96 30.00
9.49 7.36 5.41 0.97 30.00
9.79 7.53 5.66 0.98 30.00
10.10 7.69 5.92 0.99 30.00
10.41 7.86 6.18 1.00 30.00
10.72 8.03 6.44 1.01 30.00
11.04 8.19 6.71 1.02 30.00
11.36 8.36 6.99 1.03 30.00
11.69 8.53 7.27 1.04 30.00
12.02 8.70 7.56 1.04 30.00
12.36 8.86 7.86 1.05 30.00
12.70 9.03 8.15 1.06 30.00
13.05 9.20 8.46 1.07 30.00
13.40 9.36 8.77 1.08 30.00
13.76 9.53 9.09 1.08 30.00
14.12 9.70 9.41 1.09 30.00
14.49 9.87 9.73 1.10 30.00
14.86 10.03 10.07 1.11 30.00
15.24 10.20 10.41 1.11 30.00
15.62 10.37 10.75 1.12 30.00
16.01 10.54 11.10 1.12 30.00
16.40 10.70 11.45 1.13 30.00
16.80 10.87 11.81 1.14 30.00
17.20 11.04 12.18 1.14 30.00
17.61 11.20 12.55 1.15 30.00
18.02 11.37 12.93 1.15 30.00
18.44 11.54 13.31 1.16 30.00
18.87 11.71 13.70 1.16 30.00
19.29 11.87 14.10 1.17 30.00
19.73 12.04 14.50 1.17 30.00
20.17 12.21 14.90 1.18 30.00
20.61 12.37 15.31 1.18 30.00
21.06 12.54 15.73 1.19 30.00
21.51 12.71 16.15 1.19 30.00
21.97 12.88 16.58 1.20 30.00
22.44 13.04 17.01 1.20 30.00
22.91 13.21 17.45 1.21 30.00
23.38 13.38 17.90 1.21 30.00
23.86 13.55 18.35 1.22 30.00
24.35 13.71 18.80 1.22 30.00
24.84 13.88 19.26 1.22 30.00
25.33 14.05 19.73 1.23 30.00
25.84 14.21 20.20 1.23 30.00
26.34 14.38 20.68 1.23 30.00
26.85 14.55 21.17 1.24 30.00
27.37 14.72 21.66 1.24 30.00
27.89 14.88 22.15 1.24 30.00
28.42 15.05 22.65 1.25 30.00
28.95 15.22 23.16 1.25 30.00
29.49 15.38 23.67 1.25 30.00
30.04 15.55 24.19 1.26 30.00
30.59 15.72 24.71 1.26 30.00
31.14 15.89 25.24 1.26 30.00
31.70 16.05 25.77 1.27 30.00
32.27 16.22 26.31 1.27 30.00
32.84 16.39 26.86 1.27 30.00
33.41 16.56 27.41 1.28 30.00
33.99 16.72 27.96 1.28 30.00
34.58 16.89 28.53 1.28 30.00
35.17 17.06 29.09 1.28 30.00
35.77 17.22 29.67 1.29 30.00
36.37 17.39 30.25 1.29 30.00
36.98 17.56 30.83 1.29 30.00
37.59 17.73 31.42 1.29 30.00
38.21 17.89 32.02 1.30 30.00
38.83 18.06 32.62 1.30 30.00
39.46 18.23 33.22 1.30 30.00
40.10 18.39 33.84 1.30 30.00
40.74 18.56 34.45 1.31 30.00
41.38 18.73 35.08 1.31 30.00
42.04 18.90 35.71 1.31 30.00
42.69 19.06 36.34 1.31 30.00
43.35 19.23 36.98 1.32 30.00
44.02 19.40 37.63 1.32 30.00
44.69 19.57 38.28 1.32 30.00
45.37 19.73 38.94 1.32 30.00
46.05 19.90 39.60 1.32 30.00
46.74 20.07 40.27 1.33 30.00
47.44 20.23 40.94 1.33 30.00
48.14 20.40 41.62 1.33 30.00
48.84 20.57 42.31 1.33 30.00
49.55 20.74 43.00 1.33 30.00
50.27 20.90 43.69 1.34 30.00
50.99 21.07 44.40 1.34 30.00
51.72 21.24 45.10 1.34 30.00
52.45 21.40 45.82 1.34 30.00
53.19 21.57 46.53 1.34 30.00
53.93 21.74 47.26 1.34 30.00
54.68 21.91 47.99 1.35 30.00
55.44 22.07 48.72 1.35 30.00
56.19 22.24 49.47 1.35 30.00
56.96 22.41 50.21 1.35 30.00
57.73 22.58 50.96 1.35 30.00
58.51 22.74 51.72 1.35 30.00
59.29 22.91 52.49 1.36 30.00
60.08 23.08 53.25 1.36 30.00
60.87 23.24 54.03 1.36 30.00
61.67 23.41 54.81 1.36 30.00
62.47 23.58 55.60 1.36 30.00
63.28 23.75 56.39 1.36 30.00
64.09 23.91 57.18 1.36 30.00
64.91 24.08 57.99 1.37 30.00
65.74 24.25 58.79 1.37 30.00
66.57 24.41 59.61 1.37 30.00
67.40 24.58 60.43 1.37 30.00
68.25 24.75 61.25 1.37 30.00
69.09 24.92 62.08 1.37 30.00
69.95 25.08 62.92 1.37 30.00
70.80 25.25 63.76 1.37 30.00
71.67 25.42 64.61 1.38 30.00
72.54 25.59 65.46 1.38 30.00
73.41 25.75 66.32 1.38 30.00
74.29 25.92 67.18 1.38 30.00
75.18 26.09 68.05 1.38 30.00
76.07 26.25 68.93 1.38 30.00
76.96 26.42 69.81 1.38 30.00
77.87 26.59 70.70 1.38 30.00
78.77 26.76 71.59 1.39 30.00
79.69 26.92 72.49 1.39 30.00
80.61 27.09 73.39 1.39 30.00
81.53 27.26 74.30 1.39 30.00
82.46 27.42 75.21 1.39 30.00
83.39 27.59 76.13 1.39 30.00
84.34 27.76 77.06 1.39 30.00
85.28 27.93 77.99 1.39 30.00
86.23 28.09 78.93 1.39 30.00
87.19 28.26 79.87 1.40 30.00
88.15 28.43 80.82 1.40 30.00
89.12 28.60 81.77 1.40 30.00
90.09 28.76 82.73 1.40 30.00
91.07 28.93 83.69 1.40 30.00
92.06 29.10 84.66 1.40 30.00
93.05 29.26 85.64 1.40 30.00
94.04 29.43 86.62 1.40 30.00
95.05 29.60 87.61 1.40 30.00
96.05 29.77 88.60 1.40 30.00
97.06 29.93 89.60 1.40 30.00
98.08 30.10 90.60 1.41 30.00
99.11 30.27 91.61 1.41 30.00
100.13 30.43 92.63 1.41 30.00
101.17 30.60 93.65 1.41 30.00
102.21 30.77 94.67 1.41 30.00
103.25 30.94 95.71 1.41 30.00
104.30 31.10 96.74 1.41 30.00
105.36 31.27 97.79 1.41 30.00
106.42 31.44 98.84 1.41 30.00
107.49 31.61 99.89 1.41 30.00
108.56 31.77 100.95 1.41 30.00
109.64 31.94 102.02 1.42 30.00
110.73 32.11 103.09 1.42 30.00
111.81 32.27 104.16 1.42 30.00
112.91 32.44 105.24 1.42 30.00
114.01 32.61 106.33 1.42 30.00
115.12 32.78 107.43 1.42 30.00
116.23 32.94 108.53 1.42 30.00
117.35 33.11 109.63 1.42 30.00
118.47 33.28 110.74 1.42 30.00
119.60 33.44 111.86 1.42 30.00
120.73 33.61 112.98 1.42 30.00
121.87 33.78 114.10 1.42 30.00
123.01 33.95 115.24 1.42 30.00
124.16 34.11 116.37 1.42 30.00
125.32 34.28 117.52 1.43 30.00
126.48 34.45 118.67 1.43 30.00
127.65 34.62 119.82 1.43 30.00
128.82 34.78 120.98 1.43 30.00
130.00 34.95 122.15 1.43 30.00
131.18 35.12 123.32 1.43 30.00
132.37 35.28 124.50 1.43 30.00
133.57 35.45 125.68 1.43 30.00
134.77 35.62 126.87 1.43 30.00
135.97 35.79 128.06 1.43 30.00
137.18 35.95 129.26 1.43 30.00
138.40 36.12 130.47 1.43 30.00
139.62 36.29 131.68 1.43 30.00
140.85 36.45 132.90 1.43 30.00
142.08 36.62 134.12 1.43 30.00
143.32 36.79 135.35 1.44 30.00
144.57 36.96 136.58 1.44 30.00
145.82 37.12 137.82 1.44 30.00
147.07 37.29 139.06 1.44 30.00
148.33 37.46 140.31 1.44 30.00
149.60 37.63 141.57 1.44 30.00
150.87 37.79 142.83 1.44 30.00
152.15 37.96 144.10 1.44 30.00
153.43 38.13 145.37 1.44 30.00
154.72 38.29 146.65 1.44 30.00
156.02 38.46 147.93 1.44 30.00
157.32 38.63 149.22 1.44 30.00
158.62 38.80 150.51 1.44 30.00
159.93 38.96 151.81 1.44 30.00
161.25 39.13 153.12 1.44 30.00
162.57 39.30 154.43 1.44 30.00
163.90 39.46 155.75 1.44 30.00
165.23 39.63 157.07 1.45 30.00
166.57 39.80 158.40 1.45 30.00
167.92 39.97 159.73 1.45 30.00
169.27 40.13 161.07 1.45 30.00
170.62 40.30 162.42 1.45 30.00
171.98 40.47 163.77 1.45 30.00
173.35 40.64 165.12 1.45 30.00
174.72 40.80 166.49 1.45 30.00
176.10 40.97 167.85 1.45 30.00
177.48 41.14 169.23 1.45 30.00
178.87 41.30 170.60 1.45 30.00
180.27 41.47 171.99 1.45 30.00
181.67 41.64 173.38 1.45 30.00
183.07 41.81 174.77 1.45 30.00
184.48 41.97 176.18 1.45 30.00
185.90 42.14 177.58 1.45 30.00
187.32 42.31 178.99 1.45 30.00
188.75 42.47 180.41 1.45 30.00
190.18 42.64 181.84 1.45 30.00
191.62 42.81 183.26 1.45 30.00
193.06 42.98 184.70 1.45 30.00
194.51 43.14 186.14 1.46 30.00
195.97 43.31 187.58 1.46 30.00
197.43 43.48 189.04 1.46 30.00
198.90 43.65 190.49 1.46 30.00
200.37 43.81 191.96 1.46 30.00
201.85 43.98 193.42 1.46 30.00
203.33 44.15 194.90 1.46 30.00
204.82 44.31 196.38 1.46 30.00
206.31 44.48 197.86 1.46 30.00
207.81 44.65 199.35 1.46 30.00
209.32 44.82 200.85 1.46 30.00
210.83 44.98 202.35 1.46 30.00
212.34 45.15 203.86 1.46 30.00
213.87 45.32 205.37 1.46 30.00
215.39 45.48 206.89 1.46 30.00
216.93 45.65 208.41 1.46 30.00
218.47 45.82 209.94 1.46 30.00
220.01 45.99 211.48 1.46 30.00
221.56 46.15 213.02 1.46 30.00
223.12 46.32 214.56 1.46 30.00
224.68 46.49 216.12 1.46 30.00
226.24 46.66 217.67 1.46 30.00
227.82 46.82 219.24 1.46 30.00
229.39 46.99 220.81 1.46 30.00
230.98 47.16 222.38 1.46 30.00
232.57 47.32 223.96 1.47 30.00
234.16 47.49 225.55 1.47 30.00
235.76 47.66 227.14 1.47 30.00
237.36 47.83 228.73 1.47 30.00
238.98 47.99 230.34 1.47 30.00
240.59 48.16 231.94 1.47 30.00
242.21 48.33 233.56 1.47 30.00
243.84 48.49 235.18 1.47 30.00
245.48 48.66 236.80 1.47 30.00
247.11 48.83 238.43 1.47 30.00
248.76 49.00 240.07 1.47 30.00
250.41 49.16 241.71 1.47 30.00
252.06 49.33 243.36 1.47 30.00
253.73 49.50 245.01 1.47 30.00
255.39 49.67 246.67 1.47 30.00
257.06 49.83 248.33 1.47 30.00
258.74 50.00 250.00 1.47 30.00
