0.00 0.00 0.00 0.00 30.00
4.96 4.95 0.41 0.08 30.00
9.65 9.48 1.60 0.26 30.00
13.82 13.24 3.39 0.44 30.00
17.26 15.93 5.54 0.67 30.00
19.87 17.37 7.72 0.99 30.00
21.75 17.50 9.60 1.50 30.00
23.44 16.39 10.86 2.29 30.00
25.63 14.22 11.24 2.97 30.00
28.64 11.29 10.57 -2.92 30.00
32.44 7.93 8.78 -2.65 30.00
36.89 4.52 5.94 -2.45 30.00
41.74 1.41 2.21 -2.27 30.00
46.74 -1.11 -2.11 -2.10 30.00
51.61 -2.82 -6.66 -1.93 30.00
56.07 -3.62 -11.06 -1.75 30.00
59.91 -3.53 -14.90 -1.55 30.00
62.96 -2.68 -17.82 -1.29 30.00
65.20 -1.29 -19.57 -0.90 30.00
66.89 0.36 -19.97 -0.24 30.00
68.75 1.93 -18.98 0.56 30.00
71.32 3.13 -16.71 1.09 30.00
74.72 3.68 -13.35 1.41 30.00
78.85 3.39 -9.23 1.64 30.00
83.52 2.20 -4.72 1.83 30.00
88.48 0.12 -0.21 2.00 30.00
93.45 -2.68 3.89 2.17 30.00
98.16 -5.96 7.27 2.34 30.00
102.35 -9.39 9.68 2.53 30.00
105.83 -12.61 10.99 2.75 30.00
108.48 -15.26 11.20 3.06 30.00
110.39 -17.00 10.42 -2.72 30.00
112.07 -17.60 8.85 -1.94 30.00
114.23 -16.92 6.80 -1.25 30.00
117.20 -14.93 4.60 -0.84 30.00
120.96 -11.75 2.57 -0.57 30.00
125.38 -7.62 1.01 -0.36 30.00
130.22 -2.86 0.14 -0.18 30.00
135.22 2.13 0.08 -0.01 30.00
140.10 6.96 0.83 0.16 30.00
144.59 11.20 2.30 0.33 30.00
148.46 14.53 4.28 0.54 30.00
151.56 16.70 6.48 0.79 30.00
153.83 17.58 8.57 1.17 30.00
155.53 17.17 10.23 1.82 30.00
157.37 15.58 11.14 2.62 30.00
159.90 13.05 11.09 -3.12 30.00
163.26 9.89 9.94 -2.79 30.00
167.36 6.46 7.69 -2.56 30.00
172.01 3.14 4.44 -2.37 30.00
176.95 0.25 0.42 -2.19 30.00
181.93 -1.94 -4.04 -2.03 30.00
186.66 -3.27 -8.58 -1.86 30.00
190.88 -3.69 -12.78 -1.67 30.00
194.40 -3.25 -16.27 -1.45 30.00
197.09 -2.14 -18.73 -1.14 30.00
199.03 -0.60 -19.91 -0.66 30.00
200.70 1.06 -19.71 0.12 30.00
202.83 2.51 -18.16 0.82 30.00
205.75 3.45 -15.39 1.24 30.00
209.49 3.66 -11.67 1.51 30.00
213.87 2.99 -7.33 1.72 30.00
218.70 1.41 -2.77 1.90 30.00
223.70 -1.00 1.61 2.07 30.00
228.59 -4.04 5.44 2.24 30.00
233.11 -7.43 8.43 2.42 30.00
237.02 -10.81 10.38 2.62 30.00
240.15 -13.83 11.21 2.87 30.00
242.45 -16.13 10.98 -3.04 30.00
244.17 -17.41 9.83 -2.41 30.00
245.98 -17.47 8.02 -1.60 30.00
248.48 -16.22 5.86 -1.05 30.00
251.80 -13.71 3.69 -0.71 30.00
255.86 -10.09 1.83 -0.48 30.00
260.49 -5.65 0.54 -0.28 30.00
265.43 -0.74 0.01 -0.11 30.00
270.41 4.24 0.30 0.06 30.00
275.16 8.86 1.38 0.23 30.00
279.41 12.75 3.10 0.42 30.00
282.97 15.61 5.21 0.64 30.00
285.70 17.24 7.41 0.93 30.00
287.67 17.56 9.35 1.41 30.00
289.34 16.62 10.72 2.17 30.00
291.43 14.60 11.25 2.89 30.00
294.31 11.76 10.74 -2.96 30.00
298.01 8.44 9.11 -2.69 30.00
302.37 5.01 6.41 -2.47 30.00
307.18 1.84 2.80 -2.29 30.00
312.17 -0.78 -1.45 -2.12 30.00
317.08 -2.62 -5.99 -1.96 30.00
321.62 -3.56 -10.44 -1.78 30.00
325.56 -3.60 -14.38 -1.58 30.00
328.73 -2.85 -17.46 -1.33 30.00
331.08 -1.52 -19.39 -0.97 30.00
332.82 0.11 -20.00 -0.35 30.00
334.60 1.72 -19.21 0.45 30.00
337.06 2.99 -17.11 1.03 30.00
340.34 3.64 -13.90 1.37 30.00
344.37 3.49 -9.87 1.61 30.00
348.98 2.43 -5.39 1.80 30.00
353.91 0.48 -0.86 1.98 30.00
358.90 -2.23 3.33 2.15 30.00
363.66 -5.46 6.83 2.32 30.00
367.94 -8.89 9.39 2.50 30.00
371.54 -12.17 10.87 2.72 30.00
374.31 -14.92 11.24 3.01 30.00
376.31 -16.81 10.59 -2.81 30.00
377.97 -17.59 9.12 -2.06 30.00
380.03 -17.10 7.12 -1.33 30.00
382.88 -15.30 4.92 -0.89 30.00
386.53 -12.29 2.84 -0.60 30.00
390.87 -8.28 1.20 -0.39 30.00
395.66 -3.59 0.22 -0.21 30.00
400.65 1.40 0.03 -0.04 30.00
405.57 6.27 0.67 0.13 30.00
410.13 10.63 2.05 0.31 30.00
414.11 14.11 3.97 0.50 30.00
417.32 16.46 6.16 0.75 30.00
419.71 17.54 8.29 1.10 30.00
421.46 17.31 10.03 1.70 30.00
423.23 15.88 11.07 2.51 30.00
425.64 13.47 11.17 3.10 30.00
428.88 10.38 10.18 -2.83 30.00
432.88 6.97 8.09 -2.59 30.00
437.46 3.61 4.97 -2.39 30.00
442.39 0.64 1.05 -2.22 30.00
447.38 -1.67 -3.37 -2.05 30.00
452.16 -3.14 -7.93 -1.88 30.00
456.47 -3.68 -12.20 -1.70 30.00
460.10 -3.37 -15.82 -1.48 30.00
462.92 -2.34 -18.44 -1.20 30.00
464.95 -0.84 -19.82 -0.75 30.00
466.61 0.82 -19.83 -0.01 30.00
468.64 2.32 -18.47 0.74 30.00
471.44 3.36 -15.86 1.19 30.00
475.06 3.69 -12.26 1.48 30.00
479.36 3.15 -7.99 1.70 30.00
484.14 1.70 -3.44 1.88 30.00
489.13 -0.60 0.99 2.05 30.00
494.05 -3.56 4.92 2.22 30.00
498.64 -6.92 8.05 2.39 30.00
502.65 -10.33 10.16 2.59 30.00
505.91 -13.43 11.16 2.83 30.00
508.33 -15.85 11.07 -3.11 30.00
510.10 -17.29 10.05 -2.52 30.00
511.85 -17.54 8.31 -1.71 30.00
514.23 -16.49 6.19 -1.11 30.00
517.43 -14.15 4.00 -0.75 30.00
521.39 -10.68 2.07 -0.51 30.00
525.95 -6.34 0.69 -0.31 30.00
530.86 -1.47 0.04 -0.13 30.00
535.86 3.52 0.21 0.03 30.00
540.65 8.22 1.18 0.20 30.00
545.00 12.24 2.82 0.39 30.00
548.66 15.26 4.89 0.60 30.00
551.52 17.08 7.09 0.88 30.00
553.59 17.59 9.10 1.32 30.00
555.25 16.83 10.57 2.05 30.00
557.24 14.95 11.23 2.80 30.00
560.00 12.21 10.88 -3.01 30.00
563.59 8.94 9.42 -2.72 30.00
567.86 5.51 6.87 -2.50 30.00
572.62 2.27 3.38 -2.32 30.00
577.61 -0.44 -0.80 -2.15 30.00
582.54 -2.41 -5.32 -1.98 30.00
587.15 -3.48 -9.81 -1.81 30.00
591.20 -3.65 -13.85 -1.61 30.00
594.49 -3.00 -17.08 -1.37 30.00
596.95 -1.74 -19.19 -1.03 30.00
598.75 -0.13 -20.00 -0.46 30.00
600.48 1.50 -19.41 0.34 30.00
602.81 2.83 -17.50 0.96 30.00
605.97 3.59 -14.43 1.33 30.00
609.91 3.57 -10.50 1.58 30.00
614.44 2.64 -6.06 1.78 30.00
619.34 0.82 -1.51 1.95 30.00
624.34 -1.79 2.75 2.12 30.00
629.15 -4.97 6.37 2.29 30.00
633.52 -8.39 9.08 2.47 30.00
637.23 -11.71 10.72 2.68 30.00
640.12 -14.56 11.25 2.96 30.00
642.22 -16.60 10.74 -2.90 30.00
643.89 -17.55 9.38 -2.18 30.00
645.85 -17.25 7.44 -1.42 30.00
648.57 -15.64 5.24 -0.94 30.00
652.12 -12.80 3.13 -0.64 30.00
656.36 -8.92 1.40 -0.42 30.00
661.10 -4.31 0.31 -0.23 30.00
666.08 0.67 0.01 -0.06 30.00
671.03 5.58 0.53 0.11 30.00
675.66 10.03 1.81 0.28 30.00
679.74 13.67 3.66 0.47 30.00
683.07 16.20 5.83 0.71 30.00
685.57 17.46 7.99 1.04 30.00
687.39 17.42 9.81 1.59 30.00
689.10 16.15 10.97 2.40 30.00
691.40 13.87 11.22 3.03 30.00
694.52 10.86 10.40 -2.88 30.00
698.42 7.48 8.46 -2.62 30.00
702.93 4.09 5.49 -2.42 30.00
707.82 1.04 1.67 -2.24 30.00
712.82 -1.38 -2.71 -2.08 30.00
717.65 -2.98 -7.26 -1.91 30.00
722.04 -3.66 -11.61 -1.73 30.00
725.78 -3.46 -15.34 -1.52 30.00
728.72 -2.52 -18.13 -1.25 30.00
730.86 -1.08 -19.70 -0.83 30.00
732.53 0.58 -19.92 -0.13 30.00
734.46 2.12 -18.75 0.65 30.00
737.14 3.24 -16.32 1.14 30.00
740.65 3.69 -12.84 1.44 30.00
744.86 3.29 -8.64 1.67 30.00
749.59 1.97 -4.11 1.85 30.00
754.56 -0.21 0.36 2.02 30.00
759.51 -3.10 4.39 2.19 30.00
764.17 -6.42 7.65 2.37 30.00
768.28 -9.84 9.92 2.56 30.00
771.65 -13.01 11.08 2.79 30.00
774.19 -15.55 11.15 3.12 30.00
776.03 -17.15 10.25 -2.63 30.00
777.73 -17.59 8.60 -1.83 30.00
779.99 -16.73 6.51 -1.18 30.00
783.07 -14.57 4.31 -0.80 30.00
786.94 -11.26 2.33 -0.54 30.00
791.42 -7.02 0.85 -0.34 30.00
796.30 -2.20 0.08 -0.16 30.00
801.30 2.79 0.13 0.01 30.00
806.14 7.56 0.99 0.18 30.00
810.56 11.70 2.54 0.36 30.00
814.34 14.89 4.57 0.57 30.00
817.32 16.90 6.77 0.83 30.00
819.49 17.60 8.83 1.24 30.00
821.17 17.02 10.40 1.93 30.00
823.07 15.29 11.20 2.71 30.00
825.71 12.66 11.00 -3.07 30.00
829.18 9.44 9.71 -2.76 30.00
833.37 6.01 7.31 -2.53 30.00
838.07 2.72 3.95 -2.34 30.00
843.04 -0.09 -0.15 -2.17 30.00
848.00 -2.17 -4.65 -2.00 30.00
852.67 -3.38 -9.17 -1.83 30.00
856.81 -3.68 -13.30 -1.64 30.00
860.22 -3.14 -16.67 -1.41 30.00
862.81 -1.95 -18.96 -1.09 30.00
864.67 -0.38 -19.96 -0.57 30.00
866.36 1.27 -19.58 0.23 30.00
868.59 2.67 -17.86 0.89 30.00
871.62 3.53 -14.94 1.28 30.00
875.45 3.63 -11.12 1.54 30.00
879.91 2.84 -6.73 1.75 30.00
884.78 1.14 -2.17 1.93 30.00
889.78 -1.37 2.15 2.10 30.00
894.63 -4.48 5.89 2.26 30.00
899.08 -7.88 8.75 2.44 30.00
902.90 -11.24 10.55 2.65 30.00
905.92 -14.19 11.24 2.91 30.00
908.12 -16.36 10.87 -2.97 30.00
909.81 -17.49 9.62 -2.30 30.00
911.69 -17.38 7.75 -1.51 30.00
914.29 -15.96 5.57 -0.99 30.00
917.72 -13.29 3.42 -0.68 30.00
921.87 -9.54 1.62 -0.45 30.00
926.55 -5.01 0.43 -0.26 30.00
931.52 -0.07 0.00 -0.09 30.00
936.48 4.88 0.40 0.08 30.00
941.18 9.42 1.58 0.25 30.00
945.35 13.20 3.36 0.44 30.00
948.80 15.90 5.50 0.67 30.00
951.42 17.36 7.69 0.98 30.00
953.32 17.50 9.57 1.49 30.00
955.00 16.41 10.85 2.28 30.00
957.18 14.26 11.24 2.96 30.00
960.18 11.34 10.59 -2.92 30.00
963.97 7.98 8.82 -2.66 30.00
968.41 4.57 5.98 -2.45 30.00
973.26 1.45 2.27 -2.27 30.00
978.25 -1.08 -2.04 -2.10 30.00
983.13 -2.80 -6.60 -1.93 30.00
987.60 -3.62 -11.00 -1.75 30.00
991.45 -3.54 -14.85 -1.55 30.00
994.51 -2.70 -17.79 -1.29 30.00
996.76 -1.31 -19.55 -0.90 30.00
998.45 0.33 -19.97 -0.25 30.00
1000.30 1.91 -19.01 0.55 30.00
1002.86 3.11 -16.75 1.08 30.00
1006.25 3.67 -13.40 1.41 30.00
1010.37 3.40 -9.29 1.64 30.00
1015.04 2.22 -4.78 1.83 30.00
1019.99 0.16 -0.27 2.00 30.00
1024.96 -2.64 3.84 2.17 30.00
1029.68 -5.91 7.23 2.34 30.00
1033.88 -9.35 9.65 2.53 30.00
1037.37 -12.57 10.98 2.75 30.00
1040.04 -15.23 11.21 3.06 30.00
1041.96 -16.99 10.43 -2.73 30.00
1043.63 -17.60 8.88 -1.95 30.00
1045.78 -16.93 6.83 -1.26 30.00
1048.73 -14.97 4.63 -0.84 30.00
1052.49 -11.81 2.60 -0.57 30.00
1056.90 -7.69 1.03 -0.36 30.00
