0.00 0.00 0.00 0.00 30.00
0.50 0.50 0.00 0.00 30.00
1.01 1.01 0.00 0.00 30.00
1.51 1.51 0.00 0.00 30.00
2.01 2.01 0.00 0.00 30.00
2.51 2.51 0.00 0.00 30.00
3.02 3.02 0.00 0.00 30.00
3.52 3.52 0.00 0.00 30.00
4.02 4.02 0.00 0.00 30.00
4.52 4.52 0.00 0.00 30.00
5.03 5.03 0.00 0.00 30.00
5.53 5.53 0.00 0.00 30.00
6.03 6.03 0.00 0.00 30.00
6.53 6.53 0.00 0.00 30.00
7.04 7.04 0.00 0.00 30.00
7.54 7.54 0.00 0.00 30.00
8.04 8.04 0.00 0.00 30.00
8.54 8.54 0.00 0.00 30.00
9.05 9.05 0.00 0.00 30.00
9.55 9.55 0.00 0.00 30.00
10.05 10.05 0.00 0.00 30.00
10.55 10.55 0.00 0.00 30.00
11.06 11.06 0.00 0.00 30.00
11.56 11.56 0.00 0.00 30.00
12.06 12.06 0.00 0.00 30.00
12.56 12.56 0.00 0.00 30.00
13.07 13.07 0.00 0.00 30.00
13.57 13.57 0.00 0.00 30.00
14.07 14.07 0.00 0.00 30.00
14.57 14.57 0.00 0.00 30.00
15.08 15.08 0.00 0.00 30.00
15.58 15.58 0.00 0.00 30.00
16.08 16.08 0.00 0.00 30.00
16.58 16.58 0.00 0.00 30.00
17.09 17.09 0.00 0.00 30.00
17.59 17.59 0.00 0.00 30.00
18.09 18.09 0.00 0.00 30.00
18.59 18.59 0.00 0.00 30.00
19.10 19.10 0.00 0.00 30.00
19.60 19.60 0.00 0.00 30.00
20.10 20.10 0.00 0.00 30.00
20.60 20.60 0.00 0.00 30.00
21.11 21.11 0.00 0.00 30.00
21.61 21.61 0.00 0.00 30.00
22.11 22.11 0.00 0.00 30.00
22.61 22.61 0.00 0.00 30.00
23.12 23.12 0.00 0.00 30.00
23.62 23.62 0.00 0.00 30.00
24.12 24.12 0.00 0.00 30.00
24.62 24.62 0.00 0.00 30.00
25.13 25.13 0.00 0.00 30.00
25.63 25.63 0.00 0.00 30.00
26.13 26.13 0.00 0.00 30.00
26.63 26.63 0.00 0.00 30.00
27.14 27.14 0.00 0.00 30.00
27.64 27.64 0.00 0.00 30.00
28.14 28.14 0.00 0.00 30.00
28.64 28.64 0.00 0.00 30.00
29.15 29.15 0.00 0.00 30.00
29.65 29.65 0.00 0.00 30.00
30.15 30.15 0.00 0.00 30.00
30.65 30.65 0.00 0.00 30.00
31.16 31.16 0.00 0.00 30.00
31.66 31.66 0.00 0.00 30.00
32.16 32.16 0.00 0.00 30.00
32.66 32.66 0.00 0.00 30.00
33.17 33.17 0.00 0.00 30.00
33.67 33.67 0.00 0.00 30.00
34.17 34.17 0.00 0.00 30.00
34.67 34.67 0.00 0.00 30.00
35.18 35.18 0.00 0.00 30.00
35.68 35.68 0.00 0.00 30.00
36.18 36.18 0.00 0.00 30.00
36.68 36.68 0.00 0.00 30.00
37.19 37.19 0.00 0.00 30.00
37.69 37.69 0.00 0.00 30.00
38.19 38.19 0.00 0.00 30.00
38.69 38.69 0.00 0.00 30.00
39.20 39.20 0.00 0.00 30.00
39.70 39.70 0.00 0.00 30.00
40.20 40.20 0.00 0.00 30.00
40.70 40.70 0.00 0.00 30.00
41.21 41.21 0.00 0.00 30.00
41.71 41.71 0.00 0.00 30.00
42.21 42.21 0.00 0.00 30.00
42.71 42.71 0.00 0.00 30.00
43.22 43.22 0.00 0.00 30.00
43.72 43.72 0.00 0.00 30.00
44.22 44.22 0.00 0.00 30.00
44.72 44.72 0.00 0.00 30.00
45.23 45.23 0.00 0.00 30.00
45.73 45.73 0.00 0.00 30.00
46.23 46.23 0.00 0.00 30.00
46.73 46.73 0.00 0.00 30.00
47.24 47.24 0.00 0.00 30.00
47.74 47.74 0.00 0.00 30.00
48.24 48.24 0.00 0.00 30.00
48.74 48.74 0.00 0.00 30.00
49.25 49.25 0.00 0.00 30.00
49.75 49.75 0.00 0.00 30.00
50.25 50.25 0.00 0.00 30.00
50.75 50.75 0.00 0.00 30.00
51.26 51.26 0.00 0.00 30.00
51.76 51.76 0.00 0.00 30.00
52.26 52.26 0.00 0.00 30.00
52.76 52.76 0.00 0.00 30.00
53.27 53.27 0.00 0.00 30.00
53.77 53.77 0.00 0.00 30.00
54.27 54.27 0.00 0.00 30.00
54.77 54.77 0.00 0.00 30.00
55.28 55.28 0.00 0.00 30.00
55.78 55.78 0.00 0.00 30.00
56.28 56.28 0.00 0.00 30.00
56.78 56.78 0.00 0.00 30.00
57.29 57.29 0.00 0.00 30.00
57.79 57.79 0.00 0.00 30.00
58.29 58.29 0.00 0.00 30.00
58.79 58.79 0.00 0.00 30.00
59.30 59.30 0.00 0.00 30.00
59.80 59.80 0.00 0.00 30.00
60.30 60.30 0.00 0.00 30.00
60.80 60.80 0.00 0.00 30.00
61.31 61.31 0.00 0.00 30.00
61.81 61.81 0.00 0.00 30.00
62.31 62.31 0.00 0.00 30.00
62.81 62.81 0.00 0.00 30.00
63.32 63.32 0.00 0.00 30.00
63.82 63.82 0.00 0.00 30.00
64.32 64.32 0.00 0.00 30.00
64.82 64.82 0.00 0.00 30.00
65.33 65.33 0.00 0.00 30.00
65.83 65.83 0.00 0.00 30.00
66.33 66.33 0.00 0.00 30.00
66.83 66.83 0.00 0.00 30.00
67.34 67.34 0.00 0.00 30.00
67.84 67.84 0.00 0.00 30.00
68.34 68.34 0.00 0.00 30.00
68.84 68.84 0.00 0.00 30.00
69.35 69.35 0.00 0.00 30.00
69.85 69.85 0.00 0.00 30.00
70.35 70.35 0.00 0.00 30.00
70.85 70.85 0.00 0.00 30.00
71.36 71.36 0.00 0.00 30.00
71.86 71.86 0.00 0.00 30.00
72.36 72.36 0.00 0.00 30.00
72.86 72.86 0.00 0.00 30.00
73.37 73.37 0.00 0.00 30.00
73.87 73.87 0.00 0.00 30.00
74.37 74.37 0.00 0.00 30.00
74.87 74.87 0.00 0.00 30.00
75.38 75.38 0.00 0.00 30.00
75.88 75.88 0.00 0.00 30.00
76.38 76.38 0.00 0.00 30.00
76.88 76.88 0.00 0.00 30.00
77.39 77.39 0.00 0.00 30.00
77.89 77.89 0.00 0.00 30.00
78.39 78.39 0.00 0.00 30.00
78.89 78.89 0.00 0.00 30.00
79.40 79.40 0.00 0.00 30.00
79.90 79.90 0.00 0.00 30.00
80.40 80.40 0.00 0.00 30.00
80.90 80.90 0.00 0.00 30.00
81.41 81.41 0.00 0.00 30.00
81.91 81.91 0.00 0.00 30.00
82.41 82.41 0.00 0.00 30.00
82.91 82.91 0.00 0.00 30.00
83.42 83.42 0.00 0.00 30.00
83.92 83.92 0.00 0.00 30.00
84.42 84.42 0.00 0.00 30.00
84.92 84.92 0.00 0.00 30.00
85.43 85.43 0.00 0.00 30.00
85.93 85.93 0.00 0.00 30.00
86.43 86.43 0.00 0.00 30.00
86.93 86.93 0.00 0.00 30.00
87.44 87.44 0.00 0.00 30.00
87.94 87.94 0.00 0.00 30.00
88.44 88.44 0.00 0.00 30.00
88.94 88.94 0.00 0.00 30.00
89.45 89.45 0.00 0.00 30.00
89.95 89.95 0.00 0.00 30.00
90.45 90.45 0.00 0.00 30.00
90.95 90.95 0.00 0.00 30.00
91.46 91.46 0.00 0.00 30.00
91.96 91.96 0.00 0.00 30.00
92.46 92.46 0.00 0.00 30.00
92.96 92.96 0.00 0.00 30.00
93.47 93.47 0.00 0.00 30.00
93.97 93.97 0.00 0.00 30.00
94.47 94.47 0.00 0.00 30.00
94.97 94.97 0.00 0.00 30.00
95.48 95.48 0.00 0.00 30.00
95.98 95.98 0.00 0.00 30.00
96.48 96.48 0.00 0.00 30.00
96.98 96.98 0.00 0.00 30.00
97.49 97.49 0.00 0.00 30.00
97.99 97.99 0.00 0.00 30.00
98.49 98.49 0.00 0.00 30.00
98.99 98.99 0.00 0.00 30.00
99.50 99.50 0.00 0.00 30.00
100.00 100.00 0.00 0.00 30.00
