0.00 0.00 0.00 0.00 30.00
0.71 0.50 0.50 0.79 30.00
1.42 1.01 1.00 0.78 30.00
2.13 1.51 1.50 0.78 30.00
2.83 2.01 2.00 0.78 30.00
3.53 2.51 2.49 0.77 30.00
4.23 3.02 2.97 0.77 30.00
4.92 3.52 3.45 0.76 30.00
5.61 4.02 3.91 0.75 30.00
6.29 4.52 4.37 0.74 30.00
6.96 5.03 4.82 0.73 30.00
7.63 5.53 5.25 0.71 30.00
8.28 6.03 5.67 0.70 30.00
8.93 6.53 6.08 0.68 30.00
9.56 7.04 6.47 0.66 30.00
10.19 7.54 6.84 0.64 30.00
10.81 8.04 7.20 0.62 30.00
11.41 8.54 7.54 0.59 30.00
12.01 9.05 7.86 0.57 30.00
12.60 9.55 8.16 0.54 30.00
13.17 10.05 8.44 0.51 30.00
13.74 10.55 8.70 0.48 30.00
14.29 11.06 8.94 0.44 30.00
14.84 11.56 9.15 0.40 30.00
15.38 12.06 9.34 0.36 30.00
15.91 12.56 9.51 0.32 30.00
16.43 13.07 9.65 0.28 30.00
16.94 13.57 9.77 0.23 30.00
17.46 14.07 9.87 0.19 30.00
17.96 14.57 9.94 0.14 30.00
18.47 15.08 9.98 0.09 30.00
18.97 15.58 10.00 0.04 30.00
19.47 16.08 9.99 -0.01 30.00
19.98 16.58 9.96 -0.06 30.00
20.48 17.09 9.91 -0.11 30.00
20.99 17.59 9.82 -0.16 30.00
21.50 18.09 9.72 -0.21 30.00
22.02 18.59 9.59 -0.25 30.00
22.55 19.10 9.43 -0.30 30.00
23.08 19.60 9.25 -0.34 30.00
23.62 20.10 9.05 -0.38 30.00
24.18 20.60 8.83 -0.42 30.00
24.74 21.11 8.58 -0.46 30.00
25.31 21.61 8.31 -0.49 30.00
25.89 22.11 8.02 -0.52 30.00
26.48 22.61 7.71 -0.55 30.00
27.08 23.12 7.38 -0.58 30.00
27.69 23.62 7.03 -0.61 30.00
28.31 24.12 6.67 -0.63 30.00
28.94 24.62 6.28 -0.65 30.00
29.58 25.13 5.88 -0.67 30.00
30.23 25.63 5.47 -0.69 30.00
30.89 26.13 5.04 -0.70 30.00
31.56 26.63 4.60 -0.72 30.00
32.24 27.14 4.15 -0.73 30.00
32.92 27.64 3.69 -0.74 30.00
33.61 28.14 3.22 -0.75 30.00
34.30 28.64 2.74 -0.76 30.00
35.00 29.15 2.25 -0.77 30.00
35.71 29.65 1.76 -0.78 30.00
36.41 30.15 1.26 -0.78 30.00
37.12 30.65 0.76 -0.78 30.00
37.83 31.16 0.26 -0.78 30.00
38.54 31.66 -0.24 -0.79 30.00
39.25 32.16 -0.74 -0.78 30.00
39.96 32.66 -1.24 -0.78 30.00
40.67 33.17 -1.74 -0.78 30.00
41.37 33.67 -2.23 -0.78 30.00
42.07 34.17 -2.72 -0.77 30.00
42.77 34.67 -3.20 -0.76 30.00
43.46 35.18 -3.67 -0.75 30.00
44.14 35.68 -4.13 -0.74 30.00
44.82 36.18 -4.59 -0.73 30.00
45.48 36.68 -5.03 -0.72 30.00
46.14 37.19 -5.46 -0.71 30.00
46.79 37.69 -5.87 -0.69 30.00
47.44 38.19 -6.27 -0.67 30.00
48.07 38.69 -6.65 -0.65 30.00
48.69 39.20 -7.02 -0.63 30.00
49.30 39.70 -7.37 -0.61 30.00
49.90 40.20 -7.70 -0.58 30.00
50.50 40.70 -8.01 -0.55 30.00
51.08 41.21 -8.30 -0.52 30.00
51.65 41.71 -8.57 -0.49 30.00
52.21 42.21 -8.82 -0.46 30.00
52.76 42.71 -9.04 -0.42 30.00
53.30 43.22 -9.25 -0.38 30.00
53.83 43.72 -9.43 -0.34 30.00
54.36 44.22 -9.58 -0.30 30.00
54.88 44.72 -9.71 -0.26 30.00
55.39 45.23 -9.82 -0.21 30.00
55.90 45.73 -9.90 -0.16 30.00
56.41 46.23 -9.96 -0.11 30.00
56.91 46.73 -9.99 -0.06 30.00
57.41 47.24 -10.00 -0.01 30.00
57.92 47.74 -9.98 0.04 30.00
58.42 48.24 -9.94 0.09 30.00
58.93 48.74 -9.87 0.14 30.00
59.44 49.25 -9.78 0.18 30.00
59.96 49.75 -9.66 0.23 30.00
60.48 50.25 -9.51 0.28 30.00
61.01 50.75 -9.35 0.32 30.00
61.54 51.26 -9.16 0.36 30.00
62.09 51.76 -8.94 0.40 30.00
62.65 52.26 -8.71 0.44 30.00
63.21 52.76 -8.45 0.47 30.00
63.78 53.27 -8.17 0.51 30.00
64.37 53.77 -7.87 0.54 30.00
64.97 54.27 -7.55 0.57 30.00
65.57 54.77 -7.21 0.59 30.00
66.19 55.28 -6.86 0.62 30.00
66.81 55.78 -6.48 0.64 30.00
67.45 56.28 -6.09 0.66 30.00
68.10 56.78 -5.69 0.68 30.00
68.75 57.29 -5.27 0.70 30.00
69.42 57.79 -4.83 0.71 30.00
70.09 58.29 -4.39 0.73 30.00
70.77 58.79 -3.93 0.74 30.00
71.45 59.30 -3.46 0.75 30.00
72.14 59.80 -2.99 0.76 30.00
72.84 60.30 -2.50 0.77 30.00
73.54 60.80 -2.01 0.77 30.00
74.25 61.31 -1.52 0.78 30.00
74.96 61.81 -1.02 0.78 30.00
75.67 62.31 -0.52 0.78 30.00
76.38 62.81 -0.02 0.79 30.00
77.09 63.32 0.48 0.79 30.00
77.80 63.82 0.99 0.78 30.00
78.50 64.32 1.48 0.78 30.00
79.21 64.82 1.98 0.78 30.00
79.91 65.33 2.47 0.77 30.00
80.61 65.83 2.95 0.77 30.00
81.30 66.33 3.43 0.76 30.00
81.99 66.83 3.90 0.75 30.00
82.67 67.34 4.35 0.74 30.00
83.34 67.84 4.80 0.73 30.00
84.00 68.34 5.24 0.71 30.00
84.66 68.84 5.66 0.70 30.00
85.31 69.35 6.06 0.68 30.00
85.94 69.85 6.46 0.66 30.00
86.57 70.35 6.83 0.64 30.00
87.19 70.85 7.19 0.62 30.00
87.79 71.36 7.53 0.59 30.00
88.39 71.86 7.85 0.57 30.00
88.98 72.36 8.15 0.54 30.00
89.55 72.86 8.43 0.51 30.00
90.12 73.37 8.69 0.48 30.00
90.67 73.87 8.93 0.44 30.00
91.22 74.37 9.14 0.40 30.00
91.76 74.87 9.34 0.36 30.00
92.29 75.38 9.50 0.32 30.00
92.81 75.88 9.65 0.28 30.00
93.33 76.38 9.77 0.23 30.00
93.84 76.88 9.86 0.19 30.00
94.35 77.39 9.93 0.14 30.00
94.85 77.89 9.98 0.09 30.00
95.35 78.39 10.00 0.04 30.00
95.86 78.89 9.99 -0.01 30.00
96.36 79.40 9.96 -0.06 30.00
96.87 79.90 9.91 -0.11 30.00
97.37 80.40 9.83 -0.16 30.00
97.89 80.90 9.72 -0.21 30.00
98.41 81.41 9.59 -0.25 30.00
98.93 81.91 9.44 -0.30 30.00
99.47 82.41 9.26 -0.34 30.00
100.01 82.91 9.06 -0.38 30.00
100.56 83.42 8.83 -0.42 30.00
101.12 83.92 8.59 -0.46 30.00
101.69 84.42 8.32 -0.49 30.00
102.27 84.92 8.03 -0.52 30.00
102.86 85.43 7.72 -0.55 30.00
103.46 85.93 7.39 -0.58 30.00
104.07 86.43 7.04 -0.61 30.00
104.69 86.93 6.68 -0.63 30.00
105.32 87.44 6.30 -0.65 30.00
105.96 87.94 5.90 -0.67 30.00
106.61 88.44 5.48 -0.69 30.00
107.27 88.94 5.06 -0.70 30.00
107.94 89.45 4.62 -0.72 30.00
108.62 89.95 4.17 -0.73 30.00
109.30 90.45 3.71 -0.74 30.00
109.99 90.95 3.23 -0.75 30.00
110.68 91.46 2.75 -0.76 30.00
111.38 91.96 2.27 -0.77 30.00
112.08 92.46 1.78 -0.77 30.00
112.79 92.96 1.28 -0.78 30.00
113.50 93.47 0.78 -0.78 30.00
114.21 93.97 0.28 -0.78 30.00
114.92 94.47 -0.22 -0.79 30.00
115.63 94.97 -0.73 -0.78 30.00
116.34 95.48 -1.23 -0.78 30.00
117.05 95.98 -1.72 -0.78 30.00
117.75 96.48 -2.22 -0.78 30.00
118.45 96.98 -2.70 -0.77 30.00
119.14 97.49 -3.18 -0.76 30.00
119.83 97.99 -3.66 -0.75 30.00
120.52 98.49 -4.12 -0.74 30.00
121.19 98.99 -4.57 -0.73 30.00
121.86 99.50 -5.01 -0.72 30.00
122.52 100.00 -5.44 -0.71 30.00
